0 2
1 2
2 3
3 3
4 2
5 1
6 3
7 4
8 0
9 0
10 4
11 0
12 0
13 3
14 3
15 3
16 2
17 2
18 2
19 4
20 3
21 3
22 2
23 2
24 2
25 2
26 3
27 3
28 0
29 0
30 3
31 0
32 0
33 4
34 4
35 4
36 4
37 3
38 3
39 2
40 5
41 2
42 2
43 2
44 2
45 2
46 2
47 2
48 0
49 5
50 5
51 3
52 0
53 0
54 4
55 2
56 4
57 5
58 2
59 2
60 5
61 1
62 5
63 5
64 5
65 5
66 5
67 0
68 3
69 3
70 2
71 2
72 3
73 3
74 3
75 3
76 3
77 3
78 3
79 3
80 1
81 1
82 1
83 1
84 4
85 4
86 2
87 2
88 4
89 0
90 0
91 0
92 0
93 3
94 1
95 5
96 5
97 5
98 1
99 3
100 3
101 2
102 2
103 2
104 2
105 2
106 2
107 2
108 2
109 2
110 2
111 2
112 3
113 3
114 3
115 3
116 3
117 3
118 5
119 5
120 3
121 3
122 3
123 5
124 5
125 0
126 0
127 3
128 3
129 0
130 3
131 5
132 5
133 3
134 0
135 0
136 0
137 0
138 5
139 5
140 0
141 4
142 4
143 4
144 4
145 4
146 4
147 4
148 4
149 4
150 4
151 2
152 2
153 1
154 2
155 2
156 1
157 2
158 1
159 1
160 1
161 1
162 2
163 2
164 1
165 1
166 2
167 2
168 2
169 3
170 3
171 3
172 5
173 5
174 1
175 1
176 1
177 1
178 0
179 3
180 3
181 5
182 5
183 3
184 0
185 0
186 0
187 0
188 0
189 5
190 0
191 0
192 2
193 2
194 2
195 4
196 1
197 1
198 1
199 2
200 2
201 4
202 4
203 4
204 4
205 4
206 4
207 4
208 1
209 1
210 1
211 1
212 1
213 1
214 1
215 1
216 1
217 1
218 1
219 1
220 1
221 4
222 4
223 4
224 4
225 4
226 2
227 2
228 2
229 4
230 2
231 0
232 0
233 0
234 5
235 5
236 5
237 5
238 5
239 1
240 3
241 2
242 1
243 1
244 4
245 4
246 1
247 4
248 4
249 4
250 1
251 4
252 2
253 0
254 0
255 5
256 3
257 3
258 3
259 3
260 5
261 3
262 0
263 3
264 0
265 0
266 5
267 5
268 3
269 3
270 3
271 3
272 3
273 3
274 3
275 3
276 3
277 3
278 2
279 2
280 2
281 2
282 2
283 2
284 2
285 2
286 2
287 2
288 2
289 2
290 2
291 2
292 2
293 2
294 1
295 2
296 2
297 2
298 2
299 2
300 2
301 2
302 2
303 1
304 2
305 2
306 2
307 2
308 2
309 2
310 3
311 3
312 3
313 3
314 5
315 5
316 5
317 3
318 3
319 3
320 4
321 4
322 4
323 4
324 4
325 1
326 1
327 4
328 0
329 0
330 0
331 0
332 0
333 1
334 1
335 5
336 5
337 3
338 1
339 1
340 1
341 1
342 1
343 3
344 3
345 1
346 1
347 1
348 1
349 1
350 1
351 2
352 2
353 2
354 2
355 2
356 2
357 2
358 2
359 2
360 2
361 2
362 2
363 2
364 2
365 2
366 1
367 2
368 2
369 1
370 1
371 1
372 2
373 2
374 2
375 2
376 2
377 2
378 2
379 2
380 1
381 1
382 1
383 1
384 1
385 2
386 2
387 2
388 2
389 3
390 3
391 3
392 3
393 3
394 3
395 3
396 3
397 3
398 3
399 5
400 5
401 5
402 5
403 5
404 5
405 5
406 1
407 1
408 3
409 3
410 3
411 3
412 3
413 3
414 3
415 3
416 3
417 3
418 3
419 3
420 3
421 3
422 3
423 3
424 3
425 3
426 3
427 5
428 3
429 3
430 5
431 5
432 5
433 5
434 1
435 1
436 3
437 0
438 3
439 0
440 3
441 0
442 0
443 3
444 0
445 0
446 0
447 3
448 3
449 5
450 5
451 5
452 5
453 5
454 5
455 5
456 1
457 1
458 1
459 1
460 3
461 3
462 3
463 3
464 0
465 0
466 0
467 0
468 0
469 0
470 0
471 0
472 0
473 5
474 5
475 5
476 1
477 1
478 5
479 5
480 5
481 0
482 0
483 0
484 0
485 0
486 0
487 0
488 0
489 0
490 4
491 4
492 2
493 2
494 2
495 2
496 2
497 2
498 2
499 1
500 2
501 2
502 1
503 1
504 1
505 4
506 4
507 2
508 2
509 4
510 4
511 4
512 4
513 4
514 4
515 4
516 4
517 4
518 4
519 4
520 4
521 4
522 4
523 4
524 4
525 4
526 4
527 5
528 5
529 4
530 1
531 1
532 4
533 4
534 0
535 0
536 4
537 4
538 4
539 4
540 4
541 1
542 1
543 1
544 1
545 2
546 4
547 0
548 0
549 0
550 0
551 1
552 1
553 5
554 0
555 0
556 3
557 3
558 1
559 1
560 1
561 1
562 1
563 1
564 1
565 1
566 1
567 1
568 1
569 1
570 1
571 1
572 3
573 1
574 1
575 1
576 1
577 1
578 1
579 1
580 1
581 2
582 2
583 2
584 3
585 3
586 3
587 3
588 0
589 3
590 5
591 0
592 0
593 0
594 4
595 2
596 2
597 4
598 4
599 1
600 1
601 3
602 3
603 3
604 3
605 3
606 4
607 4
608 0
609 4
610 4
611 4
612 4
613 0
614 0
615 0
616 0
617 3
618 2
619 2
620 2
621 1
622 0
623 1
624 0
625 0
626 4
627 4
628 0
629 0
630 0
631 0
632 0
633 0
634 0
635 4
636 1
637 5
638 4
639 4
640 2
641 2
642 3
643 3
644 3
645 3
646 3
647 3
648 0
649 2
650 2
651 2
652 2
653 2
654 2
655 4
656 2
657 2
658 2
659 3
660 3
661 3
662 3
663 3
664 4
665 4
666 0
667 4
668 5
669 1
670 1
671 1
672 1
673 2
674 1
675 4
676 4
677 4
678 4
679 4
680 4
681 4
682 4
683 4
684 4
685 4
686 2
687 1
688 1
689 2
690 1
691 2
692 2
693 2
694 0
695 0
696 0
697 0
698 0
699 0
700 0
701 5
702 5
703 5
704 5
705 5
706 5
707 5
708 5
709 0
710 0
711 0
712 0
713 0
714 0
715 5
716 5
717 5
718 5
719 5
720 5
721 3
722 0
723 0
724 3
725 3
726 3
727 3
728 3
729 1
730 1
731 1
732 1
733 1
734 1
735 1
736 1
737 1
738 5
739 5
740 3
741 3
742 3
743 3
744 3
745 3
746 3
747 3
748 5
749 5
750 5
751 3
752 5
753 5
754 5
755 5
756 5
757 3
758 3
759 3
760 3
761 3
762 3
763 3
764 2
765 2
766 2
767 2
768 2
769 2
770 2
771 1
772 1
773 1
774 1
775 2
776 2
777 2
778 2
779 2
780 2
781 2
782 2
783 2
784 2
785 1
786 1
787 1
788 1
789 1
790 1
791 2
792 2
793 2
794 2
795 2
796 2
797 2
798 2
799 2
800 2
801 2
802 2
803 2
804 2
805 2
806 2
807 2
808 2
809 2
810 2
811 2
812 2
813 2
814 2
815 2
816 2
817 1
818 1
819 1
820 1
821 1
822 1
823 1
824 1
825 1
826 1
827 1
828 1
829 1
830 1
831 2
832 2
833 2
834 2
835 2
836 2
837 2
838 2
839 2
840 2
841 2
842 2
843 2
844 2
845 2
846 2
847 2
848 2
849 2
850 2
851 2
852 2
853 2
854 2
855 1
856 2
857 1
858 1
859 1
860 1
861 1
862 1
863 1
864 1
865 1
866 2
867 1
868 2
869 2
870 3
871 3
872 3
873 3
874 3
875 3
876 3
877 3
878 3
879 3
880 3
881 3
882 3
883 3
884 3
885 3
886 5
887 5
888 5
889 5
890 5
891 1
892 1
893 1
894 1
895 1
896 1
897 1
898 1
899 1
900 1
901 5
902 5
903 5
904 3
905 3
906 3
907 3
908 3
909 3
910 3
911 3
912 3
913 3
914 3
915 3
916 3
917 3
918 3
919 3
920 3
921 3
922 5
923 5
924 5
925 5
926 5
927 5
928 5
929 5
930 5
931 1
932 5
933 5
934 1
935 1
936 1
937 1
938 1
939 3
940 3
941 3
942 3
943 3
944 3
945 3
946 3
947 3
948 0
949 3
950 0
951 0
952 3
953 3
954 3
955 3
956 3
957 3
958 3
959 0
960 0
961 0
962 0
963 0
964 3
965 3
966 0
967 3
968 3
969 0
970 3
971 5
972 5
973 3
974 5
975 5
976 5
977 5
978 1
979 5
980 1
981 1
982 1
983 1
984 1
985 1
986 5
987 3
988 3
989 3
990 3
991 3
992 3
993 3
994 0
995 0
996 0
997 0
998 0
999 0
1000 0
1001 0
1002 0
1003 0
1004 0
1005 0
1006 0
1007 0
1008 0
1009 0
1010 5
1011 5
1012 5
1013 1
1014 1
1015 1
1016 1
1017 1
1018 1
1019 5
1020 5
1021 0
1022 0
1023 0
1024 0
1025 0
1026 0
1027 0
1028 0
1029 0
1030 0
1031 0
1032 0
1033 0
1034 0
1035 0
1036 0
1037 2
1038 4
1039 4
1040 4
1041 2
1042 2
1043 2
1044 2
1045 4
1046 4
1047 2
1048 2
1049 1
1050 1
1051 1
1052 1
1053 1
1054 1
1055 1
1056 1
1057 1
1058 1
1059 1
1060 1
1061 1
1062 1
1063 2
1064 4
1065 4
1066 4
1067 4
1068 4
1069 4
1070 4
1071 4
1072 4
1073 4
1074 4
1075 4
1076 4
1077 4
1078 4
1079 4
1080 2
1081 2
1082 4
1083 4
1084 4
1085 4
1086 4
1087 4
1088 4
1089 4
1090 4
1091 4
1092 4
1093 4
1094 0
1095 4
1096 4
1097 4
1098 4
1099 4
1100 4
1101 4
1102 4
1103 4
1104 4
1105 4
1106 4
1107 4
1108 4
1109 1
1110 5
1111 1
1112 1
1113 1
1114 1
1115 1
1116 1
1117 4
1118 1
1119 4
1120 4
1121 4
1122 4
1123 4
1124 0
1125 4
1126 4
1127 4
1128 4
1129 2
1130 2
1131 2
1132 3
1133 3
1134 3
1135 3
1136 3
1137 3
1138 0
1139 2
1140 2
1141 2
1142 4
1143 2
1144 4
1145 2
1146 3
1147 3
1148 3
1149 5
1150 4
1151 1
1152 1
1153 1
1154 1
1155 1
1156 2
1157 1
1158 2
1159 2
1160 4
1161 4
1162 4
1163 4
1164 4
1165 4
1166 4
1167 4
1168 2
1169 2
1170 1
1171 1
1172 1
1173 2
1174 2
1175 2
1176 2
1177 2
1178 2
1179 4
1180 2
1181 2
1182 0
1183 0
1184 0
1185 0
1186 0
1187 0
1188 0
1189 0
1190 0
1191 5
1192 5
1193 5
1194 5
1195 5
1196 5
1197 5
1198 5
1199 5
1200 0
1201 0
1202 0
1203 0
1204 5
1205 5
1206 5
1207 5
1208 5
1209 5
1210 5
1211 3
1212 3
1213 3
1214 3
1215 3
1216 1
1217 1
1218 1
1219 1
1220 1
1221 1
1222 1
1223 1
1224 1
1225 1
1226 1
1227 1
1228 1
1229 1
1230 1
1231 1
1232 1
1233 1
1234 1
1235 1
1236 1
1237 1
1238 5
1239 5
1240 3
1241 3
1242 3
1243 3
1244 3
1245 3
1246 3
1247 3
1248 3
1249 3
1250 3
1251 3
1252 3
1253 3
1254 5
1255 5
1256 3
1257 5
1258 5
1259 3
1260 3
1261 3
1262 3
1263 2
1264 2
1265 2
1266 2
1267 2
1268 2
1269 2
1270 2
1271 1
1272 1
1273 1
1274 1
1275 2
1276 2
1277 2
1278 2
1279 2
1280 1
1281 1
1282 2
1283 2
1284 2
1285 2
1286 2
1287 2
1288 2
1289 2
1290 2
1291 2
1292 2
1293 2
1294 2
1295 2
1296 2
1297 2
1298 2
1299 2
1300 2
1301 2
1302 2
1303 1
1304 1
1305 1
1306 1
1307 1
1308 1
1309 1
1310 1
1311 1
1312 1
1313 2
1314 2
1315 2
1316 2
1317 2
1318 2
1319 2
1320 2
1321 1
1322 2
1323 2
1324 2
1325 2
1326 2
1327 2
1328 2
1329 3
1330 3
1331 3
1332 3
1333 3
1334 5
1335 5
1336 5
1337 1
1338 1
1339 3
1340 3
1341 3
1342 3
1343 3
1344 3
1345 3
1346 3
1347 3
1348 3
1349 3
1350 3
1351 3
1352 3
1353 3
1354 3
1355 5
1356 5
1357 5
1358 5
1359 5
1360 0
1361 0
1362 3
1363 0
1364 0
1365 0
1366 0
1367 3
1368 3
1369 3
1370 3
1371 0
1372 0
1373 0
1374 0
1375 0
1376 0
1377 0
1378 0
1379 0
1380 0
1381 0
1382 3
1383 3
1384 3
1385 5
1386 5
1387 5
1388 5
1389 1
1390 1
1391 5
1392 5
1393 3
1394 3
1395 3
1396 3
1397 3
1398 3
1399 3
1400 3
1401 3
1402 3
1403 0
1404 0
1405 0
1406 0
1407 0
1408 0
1409 5
1410 5
1411 5
1412 5
1413 1
1414 1
1415 1
1416 1
1417 5
1418 5
1419 5
1420 5
1421 0
1422 0
1423 0
1424 0
1425 0
1426 0
1427 0
1428 0
1429 0
1430 0
1431 0
1432 0
1433 0
1434 0
1435 0
1436 0
1437 4
1438 2
1439 4
1440 2
1441 2
1442 2
1443 2
1444 2
1445 2
1446 2
1447 2
1448 2
1449 1
1450 2
1451 2
1452 1
1453 1
1454 1
1455 1
1456 1
1457 2
1458 2
1459 2
1460 4
1461 4
1462 4
1463 4
1464 4
1465 4
1466 4
1467 4
1468 4
1469 4
1470 4
1471 4
1472 4
1473 4
1474 4
1475 4
1476 2
1477 2
1478 2
1479 4
1480 4
1481 4
1482 4
1483 4
1484 0
1485 4
1486 4
1487 4
1488 4
1489 4
1490 4
1491 4
1492 4
1493 4
1494 4
1495 4
1496 4
1497 4
1498 4
1499 4
1500 5
1501 5
1502 1
1503 1
1504 1
1505 1
1506 1
1507 1
1508 4
1509 4
1510 4
1511 1
1512 1
1513 2
1514 2
1515 2
1516 2
1517 2
1518 2
1519 3
1520 3
1521 3
1522 0
1523 0
1524 3
1525 3
1526 3
1527 0
1528 0
1529 2
1530 2
1531 2
1532 4
1533 4
1534 0
1535 1
1536 1
1537 2
1538 2
1539 2
1540 2
1541 2
1542 2
1543 2
1544 2
1545 2
1546 2
1547 2
1548 3
1549 3
1550 3
1551 3
1552 3
1553 3
1554 3
1555 3
1556 3
1557 3
1558 3
1559 3
1560 3
1561 3
1562 3
1563 3
1564 3
1565 3
1566 3
1567 3
1568 2
1569 2
1570 2
1571 2
1572 2
1573 2
1574 2
1575 2
1576 2
1577 2
1578 2
1579 2
1580 4
1581 4
1582 4
1583 0
1584 4
1585 0
1586 0
1587 0
1588 0
1589 0
1590 0
1591 0
1592 0
1593 0
1594 4
1595 4
1596 4
1597 5
1598 4
1599 4
1600 2
1601 4
1602 4
1603 4
1604 4
1605 4
1606 4
1607 4
1608 4
1609 4
1610 4
1611 4
1612 4
1613 4
1614 4
1615 4
1616 0
1617 2
1618 4
1619 2
1620 2
1621 2
1622 2
1623 2
1624 2
1625 2
1626 2
1627 2
1628 0
1629 0
1630 0
1631 0
1632 0
1633 0
1634 0
1635 0
1636 0
1637 0
1638 0
1639 0
1640 0
1641 0
1642 5
1643 5
1644 5
1645 5
1646 0
1647 3
1648 5
1649 5
1650 5
1651 5
1652 5
1653 5
1654 5
1655 5
1656 5
1657 5
1658 0
1659 3
1660 5
1661 5
1662 5
1663 3
1664 3
1665 3
1666 3
1667 3
1668 3
1669 3
1670 3
1671 3
1672 3
1673 3
1674 3
1675 3
1676 3
1677 3
1678 3
1679 3
1680 5
1681 5
1682 5
1683 5
1684 5
1685 3
1686 3
1687 3
1688 3
1689 3
1690 3
1691 3
1692 3
1693 3
1694 3
1695 3
1696 2
1697 2
1698 2
1699 2
1700 2
1701 2
1702 2
1703 2
1704 2
1705 2
1706 2
1707 2
1708 2
1709 2
1710 2
1711 2
1712 2
1713 2
1714 2
1715 2
1716 1
1717 2
1718 2
1719 2
1720 2
1721 1
1722 1
1723 2
1724 2
1725 2
1726 2
1727 2
1728 2
1729 2
1730 2
1731 4
1732 4
1733 4
1734 0
1735 4
1736 5
1737 1
1738 1
1739 1
1740 1
1741 1
1742 1
1743 1
1744 1
1745 1
1746 1
1747 1
1748 1
1749 1
1750 1
1751 1
1752 4
1753 4
1754 4
1755 4
1756 4
1757 4
1758 4
1759 4
1760 4
1761 4
1762 4
1763 4
1764 2
1765 2
1766 4
1767 4
1768 4
1769 4
1770 4
1771 4
1772 4
1773 4
1774 4
1775 4
1776 1
1777 1
1778 1
1779 1
1780 1
1781 1
1782 1
1783 1
1784 1
1785 1
1786 1
1787 1
1788 1
1789 1
1790 1
1791 2
1792 2
1793 2
1794 0
1795 0
1796 0
1797 0
1798 0
1799 0
1800 0
1801 0
1802 0
1803 0
1804 1
1805 1
1806 1
1807 1
1808 1
1809 1
1810 1
1811 1
1812 1
1813 1
1814 5
1815 5
1816 5
1817 5
1818 0
1819 0
1820 0
1821 0
1822 0
1823 0
1824 0
1825 0
1826 3
1827 3
1828 5
1829 5
1830 1
1831 1
1832 1
1833 5
1834 1
1835 1
1836 1
1837 1
1838 1
1839 1
1840 1
1841 5
1842 5
1843 3
1844 0
1845 0
1846 0
1847 0
1848 0
1849 0
1850 0
1851 3
1852 3
1853 3
1854 3
1855 3
1856 0
1857 3
1858 3
1859 5
1860 5
1861 5
1862 5
1863 1
1864 1
1865 5
1866 5
1867 5
1868 5
1869 5
1870 5
1871 5
1872 3
1873 3
1874 3
1875 3
1876 3
1877 3
1878 3
1879 3
1880 3
1881 3
1882 3
1883 3
1884 3
1885 3
1886 3
1887 3
1888 3
1889 5
1890 5
1891 1
1892 1
1893 1
1894 1
1895 1
1896 1
1897 1
1898 5
1899 5
1900 5
1901 5
1902 5
1903 3
1904 3
1905 3
1906 3
1907 3
1908 3
1909 2
1910 2
1911 2
1912 1
1913 1
1914 1
1915 1
1916 1
1917 1
1918 1
1919 1
1920 2
1921 1
1922 2
1923 2
1924 2
1925 2
1926 2
1927 2
1928 2
1929 2
1930 2
1931 2
1932 2
1933 2
1934 1
1935 1
1936 1
1937 1
1938 1
1939 1
1940 1
1941 1
1942 1
1943 1
1944 1
1945 2
1946 2
1947 2
1948 2
1949 2
1950 2
1951 2
1952 2
1953 2
1954 2
1955 2
1956 2
1957 2
1958 2
1959 2
1960 2
1961 2
1962 2
1963 2
1964 2
1965 2
1966 2
1967 2
1968 2
1969 2
1970 2
1971 2
1972 2
1973 2
1974 2
1975 2
1976 2
1977 1
1978 1
1979 1
1980 1
1981 1
1982 1
1983 1
1984 1
1985 1
1986 1
1987 1
1988 1
1989 1
1990 1
1991 1
1992 1
1993 1
1994 1
1995 1
1996 1
1997 1
1998 1
1999 1
2000 1
2001 1
2002 2
2003 2
2004 2
2005 2
2006 2
2007 2
2008 2
2009 2
2010 2
2011 2
2012 2
2013 2
2014 2
2015 2
2016 2
2017 2
2018 2
2019 2
2020 2
2021 2
2022 2
2023 2
2024 2
2025 2
2026 2
2027 2
2028 2
2029 2
2030 2
2031 2
2032 2
2033 2
2034 2
2035 2
2036 2
2037 2
2038 2
2039 2
2040 2
2041 2
2042 2
2043 2
2044 2
2045 2
2046 2
2047 2
2048 2
2049 1
2050 2
2051 1
2052 1
2053 1
2054 1
2055 1
2056 1
2057 1
2058 1
2059 1
2060 1
2061 1
2062 1
2063 1
2064 1
2065 1
2066 1
2067 1
2068 1
2069 1
2070 1
2071 1
2072 1
2073 1
2074 1
2075 1
2076 2
2077 2
2078 2
2079 2
2080 2
2081 2
2082 2
2083 2
2084 2
2085 2
2086 2
2087 2
2088 2
2089 2
2090 2
2091 2
2092 2
2093 2
2094 3
2095 3
2096 3
2097 3
2098 3
2099 3
2100 3
2101 3
2102 3
2103 3
2104 3
2105 3
2106 3
2107 3
2108 3
2109 3
2110 3
2111 3
2112 3
2113 3
2114 3
2115 3
2116 3
2117 3
2118 3
2119 3
2120 3
2121 3
2122 3
2123 3
2124 3
2125 3
2126 3
2127 5
2128 3
2129 5
2130 5
2131 5
2132 5
2133 5
2134 5
2135 5
2136 5
2137 5
2138 1
2139 1
2140 1
2141 1
2142 1
2143 1
2144 1
2145 1
2146 1
2147 1
2148 1
2149 1
2150 1
2151 1
2152 5
2153 5
2154 5
2155 5
2156 5
2157 5
2158 5
2159 5
2160 3
2161 5
2162 3
2163 3
2164 3
2165 3
2166 3
2167 3
2168 3
2169 3
2170 3
2171 3
2172 3
2173 3
2174 3
2175 3
2176 3
2177 3
2178 3
2179 3
2180 3
2181 3
2182 3
2183 3
2184 3
2185 3
2186 3
2187 3
2188 3
2189 3
2190 3
2191 3
2192 3
2193 3
2194 3
2195 3
2196 3
2197 3
2198 3
2199 3
2200 3
2201 3
2202 3
2203 3
2204 3
2205 3
2206 3
2207 3
2208 3
2209 3
2210 3
2211 3
2212 5
2213 5
2214 5
2215 1
2216 1
2217 1
2218 1
2219 1
2220 1
2221 1
2222 1
2223 1
2224 1
2225 1
2226 1
2227 1
2228 1
2229 1
2230 5
2231 5
2232 5
2233 5
2234 5
2235 5
2236 5
2237 3
2238 3
2239 3
2240 3
2241 3
2242 3
2243 3
2244 3
2245 3
2246 3
2247 3
2248 3
2249 3
2250 0
2251 0
2252 3
2253 3
2254 3
2255 3
2256 0
2257 0
2258 3
2259 3
2260 3
2261 3
2262 0
2263 0
2264 3
2265 3
2266 3
2267 3
2268 0
2269 3
2270 3
2271 3
2272 3
2273 0
2274 3
2275 5
2276 5
2277 5
2278 3
2279 3
2280 3
2281 3
2282 5
2283 5
2284 5
2285 5
2286 5
2287 5
2288 5
2289 5
2290 5
2291 5
2292 1
2293 1
2294 1
2295 1
2296 1
2297 1
2298 1
2299 1
2300 1
2301 5
2302 5
2303 5
2304 5
2305 5
2306 3
2307 5
2308 3
2309 3
2310 3
2311 3
2312 3
2313 3
2314 3
2315 3
2316 3
2317 3
2318 3
2319 0
2320 0
2321 0
2322 0
2323 3
2324 0
2325 0
2326 0
2327 0
2328 0
2329 0
2330 0
2331 0
2332 0
2333 0
2334 0
2335 0
2336 0
2337 0
2338 0
2339 0
2340 0
2341 0
2342 0
2343 0
2344 0
2345 0
2346 0
2347 0
2348 0
2349 0
2350 0
2351 0
2352 0
2353 0
2354 0
2355 0
2356 0
2357 0
2358 0
2359 5
2360 5
2361 5
2362 5
2363 5
2364 1
2365 5
2366 5
2367 5
2368 5
2369 1
2370 1
2371 1
2372 1
2373 1
2374 1
2375 1
2376 1
2377 1
2378 1
2379 5
2380 5
2381 0
2382 0
2383 0
2384 0
2385 0
2386 0
2387 0
2388 0
2389 0
2390 0
2391 0
2392 0
2393 0
2394 0
2395 0
2396 0
2397 0
2398 0
2399 0
2400 0
2401 0
2402 0
2403 0
2404 0
2405 0
2406 0
2407 0
2408 0
2409 0
2410 0
2411 0
2412 0
2413 0
2414 0
2415 2
2416 4
2417 4
2418 4
2419 4
2420 4
2421 4
2422 2
2423 2
2424 2
2425 2
2426 2
2427 2
2428 2
2429 2
2430 2
2431 2
2432 2
2433 4
2434 2
2435 2
2436 2
2437 2
2438 2
2439 1
2440 2
2441 1
2442 1
2443 1
2444 1
2445 1
2446 1
2447 1
2448 1
2449 1
2450 1
2451 1
2452 1
2453 1
2454 1
2455 1
2456 1
2457 1
2458 1
2459 2
2460 2
2461 2
2462 4
2463 2
2464 2
2465 2
2466 2
2467 4
2468 4
2469 4
2470 2
2471 2
2472 4
2473 4
2474 4
2475 4
2476 4
2477 4
2478 4
2479 4
2480 4
2481 4
2482 4
2483 4
2484 4
2485 4
2486 4
2487 2
2488 4
2489 4
2490 4
2491 4
2492 4
2493 4
2494 4
2495 4
2496 4
2497 4
2498 4
2499 4
2500 4
2501 4
2502 4
2503 4
2504 4
2505 4
2506 0
2507 4
2508 4
2509 4
2510 4
2511 4
2512 4
2513 4
2514 4
2515 4
2516 4
2517 4
2518 4
2519 4
2520 4
2521 4
2522 4
2523 4
2524 4
2525 4
2526 4
2527 4
2528 4
2529 4
2530 4
2531 4
2532 4
2533 4
2534 1
2535 1
2536 1
2537 1
2538 1
2539 1
2540 1
2541 1
2542 1
2543 1
2544 1
2545 1
2546 1
2547 1
2548 1
2549 1
2550 1
2551 1
2552 5
2553 5
2554 5
2555 4
2556 4
2557 4
2558 4
2559 4
2560 4
2561 4
2562 4
2563 1
2564 4
2565 0
2566 0
2567 4
2568 4
2569 2
2570 2
2571 2
2572 2
2573 1
2574 1
2575 2
2576 2
2577 2
2578 5
2579 5
2580 0
2581 0
2582 0
2583 0
2584 0
2585 3
2586 5
2587 5
2588 5
2589 1
2590 3
2591 3
2592 3
2593 3
2594 1
2595 1
2596 1
2597 1
2598 1
2599 1
2600 1
2601 1
2602 1
2603 3
2604 3
2605 3
2606 3
2607 3
2608 3
2609 2
2610 2
2611 2
2612 2
2613 2
2614 2
2615 2
2616 2
2617 2
2618 2
2619 2
2620 2
2621 2
2622 2
2623 2
2624 2
2625 2
2626 2
2627 2
2628 2
2629 2
2630 2
2631 2
2632 2
2633 2
2634 2
2635 2
2636 2
2637 2
2638 2
2639 2
2640 2
2641 2
2642 2
2643 2
2644 2
2645 2
2646 2
2647 2
2648 2
2649 2
2650 2
2651 2
2652 2
2653 2
2654 2
2655 2
2656 2
2657 2
2658 2
2659 2
2660 2
2661 2
2662 2
2663 2
2664 2
2665 2
2666 2
2667 2
2668 2
2669 2
2670 2
2671 2
2672 2
2673 2
2674 1
2675 1
2676 1
2677 1
2678 1
2679 1
2680 1
2681 1
2682 1
2683 1
2684 1
2685 1
2686 1
2687 1
2688 1
2689 1
2690 1
2691 1
2692 1
2693 1
2694 1
2695 1
2696 1
2697 1
2698 1
2699 1
2700 1
2701 1
2702 1
2703 1
2704 1
2705 1
2706 2
2707 1
2708 1
2709 2
2710 2
2711 2
2712 2
2713 2
2714 2
2715 2
2716 2
2717 2
2718 2
2719 2
2720 2
2721 2
2722 2
2723 2
2724 2
2725 2
2726 2
2727 2
2728 2
2729 2
2730 2
2731 2
2732 2
2733 2
2734 2
2735 2
2736 2
2737 2
2738 2
2739 2
2740 2
2741 2
2742 2
2743 2
2744 2
2745 2
2746 2
2747 2
2748 2
2749 2
2750 2
2751 2
2752 2
2753 2
2754 2
2755 2
2756 2
2757 2
2758 2
2759 2
2760 2
2761 2
2762 2
2763 2
2764 2
2765 2
2766 2
2767 2
2768 2
2769 2
2770 2
2771 2
2772 2
2773 2
2774 2
2775 2
2776 2
2777 1
2778 2
2779 2
2780 2
2781 1
2782 1
2783 1
2784 1
2785 1
2786 1
2787 1
2788 1
2789 1
2790 1
2791 1
2792 1
2793 1
2794 1
2795 1
2796 1
2797 1
2798 1
2799 1
2800 1
2801 2
2802 2
2803 2
2804 2
2805 2
2806 2
2807 2
2808 2
2809 2
2810 2
2811 2
2812 2
2813 2
2814 2
2815 2
2816 2
2817 2
2818 2
2819 2
2820 2
2821 2
2822 2
2823 2
2824 2
2825 2
2826 2
2827 2
2828 2
2829 2
2830 3
2831 3
2832 3
2833 3
2834 3
2835 3
2836 3
2837 3
2838 3
2839 3
2840 3
2841 3
2842 3
2843 3
2844 3
2845 3
2846 3
2847 3
2848 3
2849 3
2850 3
2851 3
2852 3
2853 3
2854 3
2855 3
2856 3
2857 3
2858 3
2859 3
2860 3
2861 3
2862 3
2863 3
2864 3
2865 3
2866 5
2867 5
2868 3
2869 3
2870 3
2871 5
2872 5
2873 5
2874 5
2875 5
2876 5
2877 5
2878 5
2879 5
2880 5
2881 5
2882 5
2883 1
2884 5
2885 1
2886 5
2887 5
2888 5
2889 5
2890 1
2891 1
2892 1
2893 1
2894 1
2895 1
2896 1
2897 1
2898 1
2899 1
2900 1
2901 1
2902 1
2903 5
2904 5
2905 5
2906 5
2907 5
2908 5
2909 5
2910 5
2911 3
2912 5
2913 5
2914 5
2915 5
2916 3
2917 3
2918 3
2919 3
2920 3
2921 3
2922 3
2923 3
2924 3
2925 3
2926 3
2927 3
2928 3
2929 3
2930 3
2931 3
2932 3
2933 3
2934 3
2935 3
2936 3
2937 3
2938 3
2939 3
2940 3
2941 3
2942 3
2943 3
2944 3
2945 3
2946 3
2947 3
2948 3
2949 3
2950 3
2951 3
2952 3
2953 3
2954 3
2955 3
2956 3
2957 3
2958 3
2959 3
2960 3
2961 3
2962 3
2963 3
2964 3
2965 3
2966 3
2967 3
2968 3
2969 3
2970 3
2971 3
2972 3
2973 3
2974 3
2975 3
2976 3
2977 3
2978 3
2979 3
2980 3
2981 3
2982 3
2983 3
2984 3
2985 3
2986 3
2987 3
2988 5
2989 3
2990 3
2991 3
2992 5
2993 5
2994 5
2995 5
2996 5
2997 5
2998 5
2999 5
3000 5
3001 5
3002 5
3003 5
3004 1
3005 1
3006 1
3007 1
3008 1
3009 1
3010 1
3011 1
3012 1
3013 1
3014 1
3015 5
3016 5
3017 5
3018 5
3019 5
3020 5
3021 3
3022 3
3023 3
3024 3
3025 3
3026 3
3027 3
3028 3
3029 3
3030 3
3031 3
3032 3
3033 3
3034 0
3035 0
3036 0
3037 3
3038 3
3039 3
3040 0
3041 0
3042 0
3043 0
3044 0
3045 0
3046 0
3047 0
3048 3
3049 3
3050 0
3051 3
3052 3
3053 3
3054 3
3055 3
3056 0
3057 0
3058 0
3059 0
3060 0
3061 0
3062 0
3063 0
3064 0
3065 0
3066 0
3067 0
3068 0
3069 0
3070 3
3071 3
3072 3
3073 3
3074 3
3075 3
3076 3
3077 3
3078 3
3079 3
3080 3
3081 0
3082 3
3083 0
3084 0
3085 0
3086 0
3087 0
3088 3
3089 0
3090 3
3091 3
3092 5
3093 3
3094 3
3095 5
3096 5
3097 3
3098 3
3099 3
3100 0
3101 0
3102 3
3103 5
3104 5
3105 5
3106 5
3107 5
3108 5
3109 5
3110 5
3111 5
3112 5
3113 5
3114 5
3115 1
3116 5
3117 5
3118 5
3119 5
3120 1
3121 1
3122 1
3123 1
3124 1
3125 1
3126 1
3127 1
3128 1
3129 1
3130 1
3131 1
3132 1
3133 1
3134 1
3135 1
3136 1
3137 1
3138 5
3139 5
3140 5
3141 5
3142 5
3143 5
3144 5
3145 5
3146 5
3147 5
3148 3
3149 3
3150 3
3151 3
3152 3
3153 5
3154 5
3155 3
3156 3
3157 3
3158 3
3159 3
3160 3
3161 3
3162 3
3163 3
3164 3
3165 3
3166 3
3167 3
3168 3
3169 3
3170 3
3171 3
3172 3
3173 3
3174 3
3175 3
3176 3
3177 0
3178 0
3179 0
3180 0
3181 0
3182 0
3183 0
3184 0
3185 0
3186 0
3187 0
3188 0
3189 0
3190 0
3191 0
3192 0
3193 0
3194 0
3195 0
3196 0
3197 0
3198 0
3199 0
3200 0
3201 0
3202 0
3203 0
3204 0
3205 0
3206 0
3207 0
3208 0
3209 0
3210 0
3211 0
3212 0
3213 0
3214 0
3215 0
3216 0
3217 0
3218 0
3219 0
3220 0
3221 0
3222 0
3223 0
3224 0
3225 0
3226 0
3227 0
3228 0
3229 0
3230 0
3231 0
3232 0
3233 0
3234 0
3235 0
3236 0
3237 0
3238 0
3239 0
3240 0
3241 0
3242 0
3243 0
3244 5
3245 5
3246 5
3247 5
3248 5
3249 5
3250 5
3251 5
3252 5
3253 1
3254 5
3255 1
3256 5
3257 1
3258 5
3259 5
3260 1
3261 1
3262 1
3263 1
3264 1
3265 1
3266 1
3267 1
3268 1
3269 1
3270 1
3271 1
3272 1
3273 1
3274 1
3275 1
3276 1
3277 1
3278 1
3279 1
3280 1
3281 5
3282 5
3283 5
3284 5
3285 5
3286 5
3287 5
3288 0
3289 0
3290 0
3291 0
3292 0
3293 0
3294 0
3295 0
3296 0
3297 0
3298 0
3299 0
3300 0
3301 0
3302 0
3303 0
3304 0
3305 0
3306 0
3307 0
3308 0
3309 0
3310 0
3311 0
3312 0
3313 0
3314 0
3315 0
3316 0
3317 0
3318 0
3319 0
3320 0
3321 0
3322 0
3323 0
3324 0
3325 0
3326 0
3327 0
3328 0
3329 0
3330 0
3331 0
3332 0
3333 0
3334 0
3335 0
3336 0
3337 0
3338 0
3339 0
3340 0
3341 0
3342 0
3343 0
3344 0
3345 0
3346 0
3347 2
3348 2
3349 4
3350 2
3351 2
3352 2
3353 2
3354 2
3355 4
3356 4
3357 4
3358 4
3359 4
3360 4
3361 4
3362 4
3363 2
3364 2
3365 2
3366 2
3367 2
3368 2
3369 2
3370 2
3371 2
3372 4
3373 2
3374 4
3375 4
3376 2
3377 2
3378 2
3379 2
3380 2
3381 2
3382 1
3383 1
3384 1
3385 1
3386 1
3387 1
3388 1
3389 1
3390 1
3391 1
3392 1
3393 1
3394 1
3395 1
3396 1
3397 1
3398 1
3399 1
3400 1
3401 1
3402 1
3403 1
3404 1
3405 1
3406 1
3407 1
3408 1
3409 1
3410 1
3411 1
3412 1
3413 1
3414 1
3415 1
3416 2
3417 1
3418 1
3419 1
3420 2
3421 2
3422 2
3423 4
3424 4
3425 4
3426 4
3427 2
3428 2
3429 2
3430 2
3431 2
3432 2
3433 2
3434 4
3435 4
3436 4
3437 4
3438 4
3439 4
3440 4
3441 4
3442 4
3443 4
3444 2
3445 2
3446 2
3447 2
3448 2
3449 2
3450 4
3451 4
3452 4
3453 4
3454 4
3455 4
3456 4
3457 4
3458 4
3459 4
3460 4
3461 4
3462 4
3463 4
3464 4
3465 4
3466 4
3467 4
3468 4
3469 4
3470 4
3471 4
3472 4
3473 4
3474 4
3475 4
3476 4
3477 4
3478 4
3479 4
3480 4
3481 4
3482 4
3483 4
3484 4
3485 4
3486 4
3487 4
3488 4
3489 4
3490 4
3491 4
3492 4
3493 4
3494 4
3495 4
3496 4
3497 4
3498 4
3499 0
3500 0
3501 0
3502 4
3503 4
3504 4
3505 4
3506 4
3507 4
3508 4
3509 4
3510 4
3511 4
3512 4
3513 4
3514 4
3515 4
3516 4
3517 4
3518 4
3519 4
3520 4
3521 4
3522 4
3523 4
3524 4
3525 4
3526 4
3527 4
3528 4
3529 4
3530 4
3531 4
3532 4
3533 4
3534 4
3535 4
3536 4
3537 4
3538 4
3539 4
3540 4
3541 4
3542 4
3543 4
3544 4
3545 4
3546 4
3547 1
3548 1
3549 1
3550 1
3551 1
3552 1
3553 1
3554 1
3555 1
3556 1
3557 1
3558 1
3559 1
3560 1
3561 1
3562 1
3563 1
3564 1
3565 1
3566 1
3567 1
3568 1
3569 1
3570 1
3571 1
3572 1
3573 1
3574 1
3575 1
3576 1
3577 1
3578 1
3579 1
3580 1
3581 5
3582 5
3583 5
3584 4
3585 5
3586 4
3587 4
3588 4
3589 4
3590 4
3591 4
3592 4
3593 4
3594 4
3595 4
3596 4
3597 4
3598 4
3599 4
3600 4
3601 4
3602 0
3603 0
3604 4
3605 0
3606 4
3607 4
3608 4
3609 4
3610 4
3611 4
3612 4
3613 4
3614 4
3615 4
3616 4
3617 4
3618 4
3619 4
3620 4
3621 4
3622 0
3623 2
3624 2
3625 2
3626 2
3627 2
3628 1
3629 1
3630 2
3631 2
3632 0
3633 0
3634 0
3635 5
3636 5
3637 5
3638 3
3639 3
3640 3
3641 3
3642 3
3643 1
3644 1
3645 1
3646 1
3647 1
3648 1
3649 1
3650 1
3651 1
3652 1
3653 1
3654 1
3655 1
3656 1
3657 1
3658 1
3659 1
3660 1
3661 1
3662 1
3663 1
3664 1
3665 1
3666 3
3667 3
3668 2
3669 2
3670 2
3671 2
3672 2
3673 2
3674 2
3675 2
3676 2
3677 2
3678 2
3679 2
3680 2
3681 2
3682 2
3683 2
3684 2
3685 2
3686 2
3687 1
3688 1
3689 1
3690 1
3691 1
3692 1
3693 2
3694 2
3695 2
3696 2
3697 2
3698 2
3699 2
3700 2
3701 2
3702 2
3703 2
3704 2
3705 2
3706 2
3707 2
3708 2
3709 2
3710 2
3711 2
3712 2
3713 2
3714 2
3715 2
3716 2
3717 2
3718 2
3719 1
3720 2
3721 2
3722 3
3723 3
3724 3
3725 3
3726 3
3727 3
3728 3
3729 3
3730 3
3731 3
3732 3
3733 5
3734 5
3735 5
3736 5
3737 5
3738 5
3739 5
3740 5
3741 5
3742 5
3743 3
3744 3
3745 3
3746 3
3747 3
3748 3
3749 3
3750 3
3751 3
3752 3
3753 3
3754 3
3755 3
3756 3
3757 3
3758 5
3759 3
3760 0
3761 0
3762 0
3763 0
3764 0
3765 3
3766 0
3767 0
3768 5
3769 3
3770 3
3771 3
3772 5
3773 5
3774 5
3775 5
3776 5
3777 1
3778 1
3779 5
3780 3
3781 3
3782 3
3783 3
3784 3
3785 3
3786 3
3787 3
3788 3
3789 3
3790 3
3791 3
3792 3
3793 3
3794 0
3795 0
3796 0
3797 4
3798 4
3799 0
3800 4
3801 0
3802 0
3803 5
3804 5
3805 1
3806 5
3807 5
3808 4
3809 0
3810 0
3811 0
3812 0
3813 0
3814 2
3815 2
3816 2
3817 4
3818 2
3819 2
3820 2
3821 4
3822 2
3823 2
3824 2
3825 2
3826 1
3827 1
3828 1
3829 1
3830 1
3831 1
3832 4
3833 2
3834 2
3835 2
3836 4
3837 4
3838 4
3839 4
3840 4
3841 4
3842 0
3843 4
3844 4
3845 4
3846 4
3847 4
3848 4
3849 4
3850 4
3851 4
3852 1
3853 4
3854 4
3855 4
3856 4
3857 4
3858 4
3859 4
3860 4
3861 4
3862 4
3863 4
3864 4
3865 4
3866 4
3867 2
3868 2
3869 2
3870 2
3871 3
3872 3
3873 1
3874 1
3875 2
3876 2
3877 2
3878 2
3879 2
3880 2
3881 2
3882 2
3883 2
3884 2
3885 2
3886 2
3887 2
3888 2
3889 3
3890 3
3891 3
3892 3
3893 3
3894 5
3895 5
3896 3
3897 3
3898 3
3899 3
3900 0
3901 0
3902 0
3903 0
3904 3
3905 5
3906 3
3907 0
3908 0
3909 4
3910 4
3911 0
3912 0
3913 0
3914 2
3915 2
3916 4
3917 4
3918 4
3919 4
3920 4
3921 4
3922 4
3923 0
3924 0
3925 0
3926 0
3927 0
3928 0
3929 0
3930 4
3931 4
3932 4
3933 4
3934 4
3935 0
3936 0
3937 0
3938 0
3939 0
3940 4
3941 4
3942 4
3943 4
3944 4
3945 4
3946 4
3947 4
3948 4
3949 4
3950 4
3951 4
3952 4
3953 4
3954 4
3955 4
3956 4
3957 4
3958 4
3959 4
3960 4
3961 4
3962 4
3963 4
3964 4
3965 0
3966 0
3967 0
3968 0
3969 0
3970 0
3971 0
3972 0
3973 0
3974 0
3975 0
3976 0
3977 0
3978 0
3979 0
3980 0
3981 0
3982 0
3983 0
3984 0
3985 4
3986 4
3987 4
3988 4
3989 4
3990 0
3991 0
3992 0
3993 0
3994 0
3995 4
3996 4
3997 4
3998 4
3999 4
4000 4
4001 4
4002 4
4003 4
4004 4
4005 4
4006 4
4007 4
4008 4
4009 4
4010 4
4011 4
4012 4
4013 4
4014 4
4015 0
4016 0
4017 0
4018 0
4019 0
4020 0
4021 0
4022 0
4023 0
4024 0
4025 0
4026 0
4027 0
4028 0
4029 0
4030 0
4031 0
4032 0
4033 4
4034 4
4035 4
4036 4
4037 4
4038 4
4039 4
4040 4
4041 4
4042 4
4043 4
4044 0
4045 0
4046 0
4047 0
4048 0
4049 0
4050 0
4051 0
4052 0
4053 0
4054 0
4055 0
4056 0
4057 3
4058 3
4059 3
4060 3
4061 3
4062 3
4063 3
4064 3
4065 3
4066 3
4067 5
4068 3
4069 3
4070 5
4071 3
4072 3
4073 3
4074 3
4075 3
4076 3
4077 3
4078 3
4079 3
4080 3
4081 3
4082 3
4083 3
4084 3
4085 3
4086 3
4087 3
4088 3
4089 3
4090 3
4091 3
4092 2
4093 2
4094 2
4095 2
4096 2
4097 2
4098 2
4099 2
4100 2
4101 2
4102 2
4103 2
4104 2
4105 2
4106 2
4107 2
4108 2
4109 2
4110 2
4111 2
4112 2
4113 2
4114 2
4115 2
4116 2
4117 2
4118 2
4119 2
4120 2
4121 2
4122 2
4123 2
4124 2
4125 2
4126 2
4127 2
4128 2
4129 2
4130 2
4131 2
4132 2
4133 2
4134 2
4135 2
4136 2
4137 2
4138 2
4139 2
4140 2
4141 2
4142 2
4143 2
4144 2
4145 2
4146 2
4147 1
4148 1
4149 1
4150 1
4151 1
4152 1
4153 1
4154 1
4155 1
4156 2
4157 2
4158 2
4159 2
4160 2
4161 2
4162 2
4163 2
4164 2
4165 2
4166 2
4167 2
4168 2
4169 2
4170 2
4171 2
4172 2
4173 2
4174 2
4175 2
4176 4
4177 4
4178 4
4179 4
4180 4
4181 4
4182 4
4183 4
4184 4
4185 4
4186 4
4187 4
4188 4
4189 4
4190 4
4191 4
4192 4
4193 4
4194 4
4195 4
4196 4
4197 4
4198 4
4199 4
4200 2
4201 2
4202 2
4203 2
4204 2
4205 2
4206 2
4207 2
4208 2
4209 2
4210 2
4211 4
4212 4
4213 4
4214 4
4215 4
4216 4
4217 4
4218 2
4219 1
4220 1
4221 1
4222 1
4223 1
4224 1
4225 2
4226 2
4227 1
4228 2
4229 2
4230 2
4231 2
4232 2
4233 2
4234 1
4235 1
4236 1
4237 1
4238 1
4239 4
4240 5
4241 5
4242 5
4243 5
4244 5
4245 5
4246 5
4247 5
4248 5
4249 5
4250 5
4251 5
4252 5
4253 5
4254 5
4255 5
4256 5
4257 5
4258 5
4259 5
4260 0
4261 0
4262 0
4263 0
4264 0
4265 0
4266 0
4267 0
4268 0
4269 0
4270 0
4271 0
4272 0
4273 0
4274 0
4275 0
4276 0
4277 0
4278 0
4279 0
4280 0
4281 0
4282 0
4283 3
4284 3
4285 3
4286 3
4287 3
4288 3
4289 3
4290 3
4291 3
4292 3
4293 3
4294 3
4295 3
4296 3
4297 3
4298 3
4299 3
4300 3
4301 3
4302 3
4303 1
4304 1
4305 5
4306 3
4307 0
4308 3
4309 3
4310 3
4311 3
4312 3
4313 3
4314 3
4315 3
4316 3
4317 3
4318 3
4319 3
4320 3
4321 3
4322 3
4323 3
4324 3
4325 3
4326 3
4327 3
4328 3
4329 3
4330 3
4331 3
4332 3
4333 3
4334 3
4335 3
4336 3
4337 3
4338 3
4339 3
4340 3
4341 3
4342 3
4343 3
4344 5
4345 5
4346 5
4347 5
4348 5
4349 5
4350 5
4351 5
4352 5
4353 5
4354 5
4355 5
4356 2
4357 2
4358 2
4359 2
4360 2
4361 2
4362 2
4363 2
4364 2
4365 2
4366 2
4367 2
4368 2
4369 2
4370 2
4371 2
4372 2
4373 2
4374 2
4375 2
4376 2
4377 2
4378 2
4379 2
4380 2
4381 2
4382 2
4383 2
4384 1
4385 1
4386 1
4387 1
4388 1
4389 1
4390 1
4391 1
4392 1
4393 1
4394 1
4395 2
4396 2
4397 2
4398 1
4399 1
4400 1
4401 1
4402 4
4403 4
4404 4
4405 4
4406 0
4407 4
4408 1
4409 5
4410 1
4411 5
4412 5
4413 5
4414 5
4415 5
4416 5
4417 5
4418 1
4419 1
4420 1
4421 1
4422 1
4423 1
4424 1
4425 1
4426 1
4427 1
4428 1
4429 1
4430 1
4431 1
4432 1
4433 1
4434 1
4435 1
4436 1
4437 1
4438 1
4439 1
4440 4
4441 4
4442 4
4443 4
4444 4
4445 4
4446 4
4447 4
4448 4
4449 4
4450 4
4451 4
4452 4
4453 4
4454 4
4455 4
4456 4
4457 4
4458 4
4459 4
4460 4
4461 4
4462 4
4463 4
4464 4
4465 4
4466 4
4467 4
4468 2
4469 1
4470 1
4471 1
4472 1
4473 1
4474 1
4475 1
4476 1
4477 1
4478 1
4479 1
4480 1
4481 1
4482 1
4483 1
4484 1
4485 1
4486 1
4487 1
4488 1
4489 1
4490 1
4491 1
4492 1
4493 2
4494 2
4495 4
4496 0
4497 0
4498 0
4499 0
4500 0
4501 0
4502 0
4503 0
4504 0
4505 0
4506 0
4507 0
4508 0
4509 0
4510 0
4511 1
4512 1
4513 1
4514 1
4515 1
4516 1
4517 1
4518 1
4519 5
4520 5
4521 5
4522 5
4523 5
4524 5
4525 5
4526 5
4527 5
4528 5
4529 5
4530 5
4531 0
4532 0
4533 0
4534 0
4535 3
4536 3
4537 3
4538 3
4539 5
4540 5
4541 5
4542 5
4543 5
4544 5
4545 5
4546 5
4547 5
4548 5
4549 5
4550 5
4551 5
4552 5
4553 5
4554 5
4555 5
4556 5
4557 5
4558 5
4559 5
4560 5
4561 5
4562 5
4563 5
4564 5
4565 1
4566 1
4567 1
4568 1
4569 1
4570 1
4571 1
4572 1
4573 1
4574 1
4575 5
4576 3
4577 0
4578 0
4579 3
4580 3
4581 3
4582 0
4583 0
4584 0
4585 0
4586 3
4587 0
4588 3
4589 3
4590 0
4591 0
4592 0
4593 5
4594 5
4595 3
4596 3
4597 5
4598 1
4599 1
4600 1
4601 1
4602 1
4603 1
4604 1
4605 1
4606 1
4607 1
4608 1
4609 5
4610 5
4611 5
4612 5
4613 5
4614 5
4615 5
4616 5
4617 5
4618 5
4619 5
4620 5
4621 5
4622 5
4623 3
4624 3
4625 3
4626 1
4627 1
4628 1
4629 1
4630 1
4631 1
4632 1
4633 5
4634 5
4635 5
4636 5
4637 5
4638 5
4639 5
4640 5
4641 5
4642 5
4643 3
4644 2
4645 1
4646 1
4647 1
4648 1
4649 1
4650 1
4651 1
4652 1
4653 1
4654 1
4655 1
4656 1
4657 1
4658 1
4659 1
4660 1
4661 2
4662 2
4663 2
4664 2
4665 2
4666 2
4667 2
4668 2
4669 2
4670 2
4671 2
4672 2
4673 1
4674 1
4675 1
4676 1
4677 1
4678 1
4679 1
4680 1
4681 1
4682 1
4683 1
4684 1
4685 1
4686 1
4687 1
4688 1
4689 1
4690 1
4691 2
4692 2
4693 2
4694 2
4695 2
4696 2
4697 2
4698 2
4699 2
4700 2
4701 2
4702 2
4703 2
4704 4
4705 4
4706 4
4707 0
4708 0
4709 4
4710 4
4711 4
4712 1
4713 4
4714 1
4715 1
4716 1
4717 1
4718 1
4719 1
4720 1
4721 4
4722 4
4723 4
4724 4
4725 4
4726 4
4727 4
4728 4
4729 4
4730 4
4731 4
4732 4
4733 4
4734 4
4735 4
4736 4
4737 4
4738 4
4739 4
4740 4
4741 4
4742 4
4743 4
4744 4
4745 4
4746 4
4747 4
4748 4
4749 4
4750 4
4751 4
4752 4
4753 4
4754 2
4755 2
4756 2
4757 2
4758 2
4759 2
4760 2
4761 4
4762 4
4763 4
4764 4
4765 4
4766 4
4767 4
4768 4
4769 4
4770 4
4771 4
4772 4
4773 4
4774 4
4775 4
4776 4
4777 4
4778 4
4779 4
4780 4
4781 2
4782 2
4783 2
4784 2
4785 1
4786 1
4787 1
4788 1
4789 1
4790 1
4791 1
4792 1
4793 1
4794 2
4795 2
4796 1
4797 2
4798 2
4799 2
4800 2
4801 2
4802 2
4803 2
4804 2
4805 2
4806 2
4807 2
4808 2
4809 2
4810 2
4811 4
4812 4
4813 4
4814 4
4815 0
4816 0
4817 0
4818 0
4819 0
4820 0
4821 0
4822 0
4823 0
4824 0
4825 0
4826 0
4827 0
4828 0
4829 0
4830 0
4831 0
4832 0
4833 0
4834 0
4835 0
4836 0
4837 0
4838 0
4839 0
4840 0
4841 0
4842 0
4843 5
4844 5
4845 5
4846 0
4847 1
4848 1
4849 1
4850 1
4851 1
4852 1
4853 1
4854 5
4855 5
4856 0
4857 0
4858 0
4859 0
4860 0
4861 0
4862 0
4863 0
4864 0
4865 0
4866 0
4867 0
4868 0
4869 0
4870 0
4871 0
4872 0
4873 0
4874 3
4875 3
4876 3
4877 3
4878 3
4879 3
4880 3
4881 3
4882 3
4883 3
4884 3
4885 3
4886 3
4887 5
4888 5
4889 5
4890 5
4891 5
4892 5
4893 1
4894 1
4895 1
4896 1
4897 1
4898 1
4899 5
4900 5
4901 5
4902 5
4903 5
4904 3
4905 5
4906 5
4907 3
4908 0
4909 0
4910 0
4911 0
4912 0
4913 3
4914 3
4915 0
4916 0
4917 0
4918 0
4919 3
4920 3
4921 3
4922 3
4923 3
4924 3
4925 0
4926 3
4927 3
4928 3
4929 3
4930 3
4931 3
4932 3
4933 3
4934 3
4935 3
4936 3
4937 3
4938 3
4939 3
4940 3
4941 3
4942 3
4943 3
4944 3
4945 3
4946 3
4947 3
4948 5
4949 5
4950 5
4951 5
4952 5
4953 5
4954 5
4955 1
4956 1
4957 1
4958 1
4959 1
4960 1
4961 1
4962 1
4963 5
4964 3
4965 3
4966 3
4967 3
4968 3
4969 3
4970 3
4971 3
4972 3
4973 3
4974 3
4975 3
4976 3
4977 3
4978 3
4979 3
4980 3
4981 3
4982 3
4983 3
4984 3
4985 3
4986 3
4987 3
4988 3
4989 3
4990 3
4991 3
4992 3
4993 3
4994 3
4995 3
4996 3
4997 3
4998 3
4999 3
5000 3
5001 3
5002 3
5003 3
5004 3
5005 3
5006 3
5007 3
5008 3
5009 3
5010 3
5011 3
5012 3
5013 5
5014 5
5015 5
5016 1
5017 1
5018 1
5019 1
5020 1
5021 5
5022 5
5023 5
5024 5
5025 5
5026 5
5027 3
5028 3
5029 5
5030 3
5031 3
5032 3
5033 3
5034 3
5035 3
5036 3
5037 3
5038 3
5039 3
5040 3
5041 3
5042 3
5043 3
5044 3
5045 3
5046 3
5047 3
5048 3
5049 3
5050 3
5051 3
5052 3
5053 3
5054 3
5055 3
5056 3
5057 3
5058 3
5059 3
5060 3
5061 3
5062 3
5063 3
5064 2
5065 2
5066 2
5067 2
5068 2
5069 2
5070 2
5071 2
5072 1
5073 1
5074 1
5075 1
5076 1
5077 1
5078 1
5079 1
5080 1
5081 1
5082 1
5083 1
5084 1
5085 1
5086 1
5087 1
5088 2
5089 2
5090 2
5091 2
5092 2
5093 2
5094 2
5095 2
5096 2
5097 2
5098 2
5099 2
5100 2
5101 2
5102 2
5103 2
5104 2
5105 2
5106 2
5107 2
5108 2
5109 2
5110 2
5111 2
5112 2
5113 2
5114 2
5115 2
5116 2
5117 2
5118 2
5119 2
5120 2
5121 2
5122 0
5123 0
5124 4
5125 0
5126 0
5127 4
5128 0
5129 0
5130 4
5131 4
5132 1
5133 1
5134 1
5135 1
5136 1
5137 1
5138 1
5139 1
5140 1
5141 1
5142 1
5143 1
5144 1
5145 1
5146 1
5147 1
5148 5
5149 5
5150 2
5151 2
5152 4
5153 4
5154 4
5155 4
5156 4
5157 4
5158 4
5159 4
5160 4
5161 4
5162 4
5163 4
5164 4
5165 4
5166 4
5167 4
5168 4
5169 0
5170 4
5171 4
5172 4
5173 2
5174 4
5175 4
5176 4
5177 2
5178 2
5179 2
5180 2
5181 1
5182 2
5183 2
5184 1
5185 1
5186 1
5187 1
5188 1
5189 1
5190 1
5191 1
5192 1
5193 1
5194 1
5195 1
5196 1
5197 2
5198 2
5199 2
5200 2
5201 2
5202 2
5203 2
5204 2
5205 2
5206 2
5207 2
5208 0
5209 0
5210 0
5211 0
5212 0
5213 0
5214 0
5215 0
5216 0
5217 0
5218 0
5219 0
5220 0
5221 0
5222 5
5223 5
5224 5
5225 1
5226 1
5227 1
5228 1
5229 1
5230 1
5231 1
5232 1
5233 1
5234 1
5235 1
5236 5
5237 5
5238 5
5239 5
5240 5
5241 5
5242 0
5243 0
5244 0
5245 0
5246 0
5247 3
5248 3
5249 3
5250 3
5251 3
5252 3
5253 3
5254 3
5255 5
5256 1
5257 1
5258 1
5259 1
5260 1
5261 1
5262 5
5263 5
5264 5
5265 5
5266 5
5267 5
5268 5
5269 5
5270 3
5271 5
5272 3
5273 0
5274 0
5275 3
5276 5
5277 5
5278 1
5279 1
5280 1
5281 1
5282 1
5283 5
5284 5
5285 3
5286 3
5287 3
5288 3
5289 3
5290 3
5291 3
5292 3
5293 3
5294 3
5295 3
5296 3
5297 3
5298 3
5299 3
5300 3
5301 3
5302 3
5303 3
5304 3
5305 3
5306 3
5307 5
5308 5
5309 1
5310 1
5311 1
5312 1
5313 1
5314 1
5315 1
5316 1
5317 5
5318 5
5319 5
5320 3
5321 3
5322 5
5323 3
5324 3
5325 3
5326 3
5327 3
5328 3
5329 2
5330 2
5331 2
5332 2
5333 2
5334 2
5335 2
5336 1
5337 1
5338 1
5339 1
5340 1
5341 1
5342 2
5343 2
5344 2
5345 2
5346 2
5347 2
5348 2
5349 2
5350 2
5351 2
5352 2
5353 2
5354 2
5355 1
5356 1
5357 1
5358 1
5359 1
5360 1
5361 1
5362 1
5363 1
5364 1
5365 1
5366 1
5367 1
5368 1
5369 1
5370 1
5371 1
5372 1
5373 1
5374 2
5375 1
5376 2
5377 2
5378 2
5379 2
5380 2
5381 2
5382 2
5383 2
5384 2
5385 2
5386 2
5387 2
5388 2
5389 2
5390 2
5391 2
5392 2
5393 2
5394 2
5395 2
5396 2
5397 2
5398 2
5399 2
5400 2
5401 2
5402 2
5403 2
5404 2
5405 2
5406 2
5407 2
5408 2
5409 2
5410 2
5411 2
5412 2
5413 2
5414 2
5415 2
5416 2
5417 2
5418 2
5419 2
5420 2
5421 2
5422 2
5423 2
5424 2
5425 2
5426 2
5427 2
5428 2
5429 2
5430 2
5431 2
5432 2
5433 2
5434 2
5435 2
5436 2
5437 2
5438 2
5439 2
5440 2
5441 2
5442 2
5443 2
5444 2
5445 2
5446 2
5447 2
5448 2
5449 2
5450 2
5451 2
5452 2
5453 2
5454 2
5455 2
5456 2
5457 2
5458 2
5459 2
5460 2
5461 2
5462 2
5463 2
5464 2
5465 2
5466 2
5467 2
5468 2
5469 2
5470 2
5471 2
5472 2
5473 2
5474 2
5475 2
5476 2
5477 2
5478 2
5479 2
5480 2
5481 2
5482 2
5483 2
5484 2
5485 2
5486 2
5487 2
5488 2
5489 2
5490 2
5491 2
5492 2
5493 2
5494 2
5495 2
5496 2
5497 2
5498 2
5499 2
5500 2
5501 2
5502 2
5503 2
5504 2
5505 2
5506 2
5507 2
5508 2
5509 2
5510 2
5511 2
5512 2
5513 2
5514 1
5515 1
5516 1
5517 1
5518 1
5519 1
5520 1
5521 1
5522 1
5523 1
5524 1
5525 1
5526 1
5527 1
5528 1
5529 1
5530 1
5531 1
5532 1
5533 1
5534 1
5535 1
5536 1
5537 1
5538 1
5539 1
5540 1
5541 1
5542 1
5543 1
5544 1
5545 1
5546 1
5547 1
5548 1
5549 1
5550 1
5551 1
5552 1
5553 1
5554 1
5555 1
5556 1
5557 1
5558 1
5559 1
5560 1
5561 1
5562 1
5563 1
5564 1
5565 1
5566 1
5567 1
5568 1
5569 1
5570 1
5571 1
5572 1
5573 1
5574 1
5575 1
5576 1
5577 1
5578 1
5579 1
5580 1
5581 1
5582 1
5583 1
5584 1
5585 1
5586 1
5587 2
5588 1
5589 1
5590 1
5591 2
5592 2
5593 2
5594 2
5595 2
5596 1
5597 2
5598 1
5599 1
5600 1
5601 1
5602 1
5603 2
5604 2
5605 2
5606 2
5607 2
5608 2
5609 2
5610 2
5611 2
5612 2
5613 2
5614 2
5615 2
5616 2
5617 2
5618 2
5619 2
5620 2
5621 2
5622 2
5623 2
5624 2
5625 2
5626 2
5627 2
5628 2
5629 2
5630 2
5631 2
5632 2
5633 2
5634 2
5635 2
5636 2
5637 2
5638 2
5639 2
5640 2
5641 2
5642 2
5643 2
5644 2
5645 2
5646 2
5647 2
5648 2
5649 2
5650 2
5651 2
5652 2
5653 2
5654 2
5655 2
5656 2
5657 2
5658 2
5659 2
5660 2
5661 2
5662 2
5663 2
5664 2
5665 2
5666 2
5667 2
5668 2
5669 2
5670 2
5671 2
5672 2
5673 2
5674 2
5675 2
5676 2
5677 2
5678 2
5679 2
5680 2
5681 2
5682 2
5683 2
5684 2
5685 2
5686 2
5687 2
5688 2
5689 2
5690 2
5691 2
5692 2
5693 2
5694 2
5695 2
5696 2
5697 2
5698 2
5699 2
5700 2
5701 2
5702 2
5703 2
5704 2
5705 2
5706 2
5707 2
5708 2
5709 2
5710 2
5711 2
5712 2
5713 2
5714 2
5715 2
5716 2
5717 2
5718 2
5719 2
5720 2
5721 2
5722 2
5723 2
5724 2
5725 2
5726 2
5727 1
5728 2
5729 2
5730 2
5731 1
5732 1
5733 1
5734 1
5735 2
5736 2
5737 1
5738 1
5739 1
5740 1
5741 1
5742 1
5743 1
5744 1
5745 1
5746 1
5747 1
5748 1
5749 1
5750 1
5751 1
5752 1
5753 1
5754 1
5755 1
5756 1
5757 1
5758 1
5759 1
5760 1
5761 1
5762 1
5763 1
5764 1
5765 1
5766 1
5767 1
5768 1
5769 1
5770 1
5771 1
5772 1
5773 1
5774 1
5775 1
5776 1
5777 1
5778 1
5779 1
5780 1
5781 1
5782 1
5783 1
5784 1
5785 1
5786 1
5787 1
5788 1
5789 1
5790 1
5791 1
5792 1
5793 1
5794 1
5795 1
5796 2
5797 2
5798 2
5799 2
5800 2
5801 2
5802 2
5803 2
5804 2
5805 2
5806 2
5807 2
5808 2
5809 2
5810 2
5811 2
5812 2
5813 2
5814 2
5815 2
5816 2
5817 2
5818 2
5819 2
5820 2
5821 2
5822 2
5823 2
5824 2
5825 2
5826 2
5827 2
5828 2
5829 2
5830 2
5831 2
5832 2
5833 2
5834 2
5835 2
5836 2
5837 2
5838 2
5839 2
5840 2
5841 2
5842 2
5843 2
5844 2
5845 2
5846 2
5847 2
5848 2
5849 2
5850 2
5851 2
5852 2
5853 2
5854 2
5855 2
5856 2
5857 2
5858 2
5859 2
5860 2
5861 2
5862 2
5863 3
5864 3
5865 3
5866 3
5867 3
5868 3
5869 3
5870 3
5871 3
5872 3
5873 3
5874 3
5875 3
5876 3
5877 3
5878 3
5879 3
5880 3
5881 3
5882 3
5883 3
5884 3
5885 3
5886 3
5887 3
5888 3
5889 3
5890 3
5891 3
5892 3
5893 3
5894 3
5895 3
5896 3
5897 3
5898 3
5899 3
5900 3
5901 3
5902 3
5903 3
5904 3
5905 3
5906 3
5907 3
5908 3
5909 3
5910 3
5911 3
5912 3
5913 3
5914 3
5915 3
5916 3
5917 3
5918 3
5919 3
5920 3
5921 3
5922 3
5923 3
5924 3
5925 3
5926 3
5927 3
5928 3
5929 3
5930 3
5931 3
5932 3
5933 5
5934 5
5935 3
5936 3
5937 3
5938 3
5939 3
5940 3
5941 3
5942 3
5943 3
5944 3
5945 3
5946 3
5947 3
5948 3
5949 5
5950 3
5951 5
5952 5
5953 5
5954 3
5955 5
5956 5
5957 5
5958 5
5959 5
5960 5
5961 5
5962 5
5963 5
5964 5
5965 5
5966 5
5967 5
5968 5
5969 5
5970 5
5971 5
5972 5
5973 5
5974 5
5975 5
5976 5
5977 5
5978 5
5979 5
5980 5
5981 5
5982 5
5983 5
5984 5
5985 5
5986 1
5987 5
5988 5
5989 5
5990 5
5991 1
5992 1
5993 1
5994 1
5995 1
5996 1
5997 1
5998 1
5999 1
6000 1
6001 1
6002 1
6003 1
6004 1
6005 1
6006 1
6007 1
6008 1
6009 1
6010 1
6011 1
6012 1
6013 1
6014 1
6015 1
6016 1
6017 1
6018 1
6019 1
6020 1
6021 1
6022 1
6023 1
6024 1
6025 1
6026 1
6027 1
6028 1
6029 1
6030 1
6031 1
6032 1
6033 1
6034 1
6035 5
6036 1
6037 5
6038 5
6039 5
6040 5
6041 5
6042 5
6043 5
6044 5
6045 5
6046 5
6047 5
6048 5
6049 5
6050 5
6051 5
6052 5
6053 5
6054 5
6055 5
6056 5
6057 5
6058 5
6059 5
6060 5
6061 5
6062 3
6063 5
6064 5
6065 5
6066 3
6067 3
6068 3
6069 3
6070 3
6071 3
6072 3
6073 3
6074 3
6075 3
6076 3
6077 3
6078 3
6079 3
6080 3
6081 3
6082 3
6083 3
6084 3
6085 3
6086 3
6087 3
6088 3
6089 3
6090 3
6091 3
6092 3
6093 3
6094 3
6095 3
6096 3
6097 3
6098 3
6099 3
6100 3
6101 3
6102 3
6103 3
6104 3
6105 3
6106 3
6107 3
6108 3
6109 3
6110 3
6111 3
6112 3
6113 3
6114 3
6115 3
6116 3
6117 3
6118 3
6119 3
6120 3
6121 3
6122 3
6123 3
6124 3
6125 3
6126 3
6127 3
6128 3
6129 3
6130 3
6131 3
6132 3
6133 3
6134 3
6135 3
6136 3
6137 3
6138 3
6139 3
6140 3
6141 3
6142 3
6143 3
6144 3
6145 3
6146 3
6147 3
6148 3
6149 3
6150 3
6151 3
6152 3
6153 3
6154 3
6155 3
6156 3
6157 3
6158 3
6159 3
6160 3
6161 3
6162 3
6163 3
6164 3
6165 3
6166 3
6167 3
6168 3
6169 3
6170 3
6171 3
6172 3
6173 3
6174 3
6175 3
6176 3
6177 3
6178 3
6179 3
6180 3
6181 3
6182 3
6183 3
6184 3
6185 3
6186 3
6187 3
6188 3
6189 3
6190 3
6191 3
6192 3
6193 3
6194 3
6195 3
6196 3
6197 3
6198 3
6199 3
6200 3
6201 3
6202 3
6203 3
6204 3
6205 3
6206 3
6207 3
6208 3
6209 3
6210 3
6211 3
6212 3
6213 3
6214 3
6215 3
6216 3
6217 3
6218 3
6219 3
6220 3
6221 3
6222 3
6223 3
6224 3
6225 3
6226 3
6227 3
6228 3
6229 3
6230 3
6231 3
6232 3
6233 3
6234 5
6235 5
6236 5
6237 5
6238 5
6239 5
6240 5
6241 5
6242 5
6243 5
6244 5
6245 5
6246 5
6247 5
6248 5
6249 5
6250 5
6251 5
6252 5
6253 5
6254 5
6255 1
6256 5
6257 5
6258 5
6259 5
6260 5
6261 1
6262 1
6263 1
6264 1
6265 1
6266 1
6267 1
6268 1
6269 1
6270 1
6271 1
6272 1
6273 1
6274 1
6275 1
6276 1
6277 1
6278 1
6279 1
6280 1
6281 1
6282 1
6283 1
6284 1
6285 1
6286 1
6287 1
6288 1
6289 1
6290 1
6291 1
6292 1
6293 1
6294 1
6295 5
6296 5
6297 5
6298 5
6299 5
6300 5
6301 5
6302 5
6303 5
6304 5
6305 5
6306 5
6307 5
6308 5
6309 5
6310 5
6311 5
6312 5
6313 5
6314 3
6315 3
6316 3
6317 3
6318 3
6319 3
6320 3
6321 3
6322 3
6323 3
6324 3
6325 3
6326 3
6327 3
6328 3
6329 3
6330 3
6331 3
6332 3
6333 3
6334 3
6335 3
6336 3
6337 3
6338 3
6339 3
6340 3
6341 3
6342 3
6343 3
6344 3
6345 3
6346 3
6347 3
6348 3
6349 3
6350 3
6351 3
6352 3
6353 0
6354 0
6355 0
6356 0
6357 0
6358 0
6359 0
6360 0
6361 0
6362 0
6363 0
6364 0
6365 0
6366 0
6367 0
6368 0
6369 0
6370 3
6371 3
6372 3
6373 3
6374 3
6375 3
6376 3
6377 3
6378 3
6379 3
6380 3
6381 3
6382 3
6383 3
6384 3
6385 3
6386 3
6387 3
6388 3
6389 3
6390 3
6391 3
6392 3
6393 3
6394 3
6395 3
6396 3
6397 3
6398 3
6399 3
6400 3
6401 3
6402 3
6403 3
6404 3
6405 0
6406 0
6407 0
6408 0
6409 0
6410 0
6411 3
6412 3
6413 3
6414 3
6415 3
6416 3
6417 3
6418 3
6419 0
6420 0
6421 0
6422 0
6423 0
6424 0
6425 0
6426 0
6427 0
6428 0
6429 0
6430 0
6431 0
6432 0
6433 0
6434 0
6435 0
6436 0
6437 0
6438 0
6439 0
6440 0
6441 0
6442 0
6443 0
6444 0
6445 0
6446 0
6447 3
6448 3
6449 3
6450 3
6451 3
6452 3
6453 3
6454 3
6455 3
6456 3
6457 3
6458 3
6459 3
6460 3
6461 3
6462 0
6463 0
6464 0
6465 0
6466 0
6467 0
6468 3
6469 3
6470 3
6471 0
6472 0
6473 0
6474 0
6475 0
6476 0
6477 0
6478 0
6479 3
6480 0
6481 3
6482 3
6483 0
6484 0
6485 5
6486 5
6487 5
6488 5
6489 5
6490 5
6491 3
6492 3
6493 3
6494 3
6495 3
6496 3
6497 3
6498 3
6499 5
6500 5
6501 5
6502 3
6503 5
6504 5
6505 5
6506 3
6507 3
6508 5
6509 5
6510 5
6511 5
6512 5
6513 5
6514 5
6515 5
6516 5
6517 5
6518 5
6519 5
6520 5
6521 5
6522 5
6523 5
6524 5
6525 5
6526 5
6527 5
6528 5
6529 5
6530 5
6531 5
6532 5
6533 5
6534 5
6535 5
6536 5
6537 5
6538 5
6539 5
6540 5
6541 5
6542 5
6543 5
6544 5
6545 1
6546 1
6547 1
6548 5
6549 5
6550 5
6551 1
6552 1
6553 1
6554 1
6555 1
6556 1
6557 1
6558 1
6559 1
6560 1
6561 1
6562 1
6563 1
6564 1
6565 1
6566 1
6567 1
6568 1
6569 1
6570 1
6571 1
6572 1
6573 1
6574 1
6575 1
6576 1
6577 1
6578 1
6579 1
6580 1
6581 1
6582 1
6583 1
6584 1
6585 1
6586 1
6587 1
6588 1
6589 1
6590 1
6591 1
6592 1
6593 1
6594 1
6595 1
6596 5
6597 1
6598 1
6599 5
6600 5
6601 5
6602 5
6603 5
6604 5
6605 5
6606 5
6607 5
6608 5
6609 5
6610 5
6611 5
6612 3
6613 5
6614 5
6615 3
6616 3
6617 3
6618 3
6619 3
6620 3
6621 3
6622 3
6623 3
6624 3
6625 3
6626 3
6627 3
6628 3
6629 3
6630 3
6631 3
6632 3
6633 3
6634 3
6635 3
6636 3
6637 3
6638 3
6639 3
6640 3
6641 3
6642 3
6643 0
6644 0
6645 0
6646 0
6647 0
6648 0
6649 3
6650 0
6651 0
6652 0
6653 0
6654 0
6655 0
6656 0
6657 0
6658 0
6659 0
6660 0
6661 0
6662 0
6663 0
6664 0
6665 0
6666 0
6667 0
6668 0
6669 0
6670 0
6671 0
6672 0
6673 0
6674 0
6675 0
6676 0
6677 0
6678 0
6679 0
6680 0
6681 0
6682 0
6683 0
6684 0
6685 0
6686 0
6687 0
6688 0
6689 0
6690 0
6691 0
6692 0
6693 0
6694 0
6695 0
6696 0
6697 0
6698 0
6699 0
6700 0
6701 0
6702 0
6703 0
6704 0
6705 0
6706 0
6707 0
6708 0
6709 0
6710 0
6711 0
6712 0
6713 0
6714 0
6715 0
6716 0
6717 0
6718 0
6719 0
6720 0
6721 0
6722 0
6723 0
6724 0
6725 0
6726 0
6727 0
6728 0
6729 0
6730 0
6731 0
6732 0
6733 0
6734 0
6735 0
6736 0
6737 0
6738 0
6739 0
6740 0
6741 0
6742 0
6743 0
6744 0
6745 0
6746 0
6747 0
6748 0
6749 0
6750 0
6751 0
6752 0
6753 0
6754 0
6755 0
6756 0
6757 0
6758 0
6759 0
6760 0
6761 0
6762 0
6763 0
6764 0
6765 0
6766 0
6767 0
6768 0
6769 0
6770 0
6771 0
6772 0
6773 0
6774 0
6775 0
6776 0
6777 0
6778 0
6779 0
6780 0
6781 0
6782 0
6783 0
6784 0
6785 0
6786 0
6787 0
6788 0
6789 0
6790 0
6791 5
6792 5
6793 5
6794 5
6795 5
6796 5
6797 5
6798 5
6799 5
6800 5
6801 5
6802 5
6803 5
6804 5
6805 5
6806 5
6807 5
6808 5
6809 5
6810 5
6811 5
6812 5
6813 5
6814 5
6815 5
6816 5
6817 5
6818 5
6819 5
6820 5
6821 1
6822 1
6823 1
6824 1
6825 1
6826 1
6827 1
6828 1
6829 1
6830 1
6831 1
6832 1
6833 1
6834 1
6835 1
6836 1
6837 1
6838 1
6839 1
6840 1
6841 1
6842 1
6843 1
6844 1
6845 1
6846 1
6847 1
6848 1
6849 1
6850 1
6851 1
6852 1
6853 1
6854 1
6855 1
6856 1
6857 1
6858 1
6859 1
6860 1
6861 1
6862 1
6863 1
6864 1
6865 1
6866 1
6867 1
6868 1
6869 1
6870 5
6871 5
6872 5
6873 5
6874 1
6875 5
6876 5
6877 5
6878 5
6879 5
6880 5
6881 5
6882 0
6883 5
6884 5
6885 5
6886 5
6887 5
6888 0
6889 0
6890 5
6891 5
6892 0
6893 5
6894 5
6895 5
6896 5
6897 5
6898 5
6899 5
6900 5
6901 0
6902 5
6903 0
6904 0
6905 0
6906 0
6907 0
6908 0
6909 0
6910 0
6911 0
6912 0
6913 0
6914 0
6915 0
6916 0
6917 0
6918 0
6919 0
6920 0
6921 0
6922 0
6923 0
6924 0
6925 0
6926 0
6927 0
6928 0
6929 0
6930 0
6931 0
6932 0
6933 0
6934 0
6935 0
6936 0
6937 0
6938 0
6939 0
6940 0
6941 0
6942 0
6943 0
6944 0
6945 0
6946 0
6947 0
6948 0
6949 0
6950 0
6951 0
6952 0
6953 0
6954 0
6955 0
6956 0
6957 0
6958 0
6959 0
6960 0
6961 0
6962 0
6963 0
6964 0
6965 0
6966 0
6967 0
6968 0
6969 0
6970 0
6971 0
6972 0
6973 0
6974 0
6975 0
6976 0
6977 0
6978 0
6979 0
6980 0
6981 0
6982 0
6983 0
6984 0
6985 0
6986 0
6987 0
6988 0
6989 0
6990 0
6991 0
6992 0
6993 0
6994 0
6995 0
6996 0
6997 0
6998 0
6999 0
7000 0
7001 0
7002 0
7003 0
7004 0
7005 0
7006 0
7007 0
7008 0
7009 0
7010 0
7011 0
7012 0
7013 0
7014 0
7015 0
7016 0
7017 0
7018 0
7019 0
7020 0
7021 0
7022 0
7023 0
7024 0
7025 0
7026 0
7027 0
7028 0
7029 0
7030 0
7031 0
7032 0
7033 0
7034 0
7035 0
7036 0
7037 0
7038 0
7039 0
7040 0
7041 0
7042 0
7043 0
7044 0
7045 0
7046 4
7047 4
7048 4
7049 4
7050 4
7051 4
7052 4
7053 4
7054 4
7055 4
7056 4
7057 2
7058 2
7059 2
7060 2
7061 2
7062 2
7063 2
7064 2
7065 2
7066 2
7067 2
7068 2
7069 2
7070 2
7071 2
7072 2
7073 2
7074 2
7075 2
7076 2
7077 2
7078 2
7079 2
7080 4
7081 4
7082 4
7083 2
7084 2
7085 2
7086 2
7087 2
7088 2
7089 2
7090 2
7091 2
7092 2
7093 2
7094 2
7095 2
7096 2
7097 2
7098 2
7099 2
7100 2
7101 2
7102 2
7103 2
7104 2
7105 2
7106 1
7107 1
7108 2
7109 1
7110 1
7111 1
7112 1
7113 1
7114 1
7115 1
7116 1
7117 1
7118 1
7119 1
7120 1
7121 1
7122 1
7123 1
7124 1
7125 1
7126 1
7127 1
7128 1
7129 1
7130 1
7131 1
7132 1
7133 1
7134 1
7135 1
7136 1
7137 1
7138 1
7139 1
7140 1
7141 1
7142 1
7143 1
7144 1
7145 1
7146 1
7147 1
7148 1
7149 1
7150 1
7151 1
7152 1
7153 1
7154 1
7155 1
7156 1
7157 1
7158 1
7159 1
7160 1
7161 1
7162 1
7163 1
7164 1
7165 1
7166 1
7167 1
7168 1
7169 1
7170 1
7171 1
7172 1
7173 1
7174 1
7175 1
7176 1
7177 1
7178 1
7179 1
7180 2
7181 1
7182 2
7183 2
7184 2
7185 1
7186 1
7187 1
7188 1
7189 2
7190 2
7191 2
7192 2
7193 2
7194 2
7195 2
7196 2
7197 2
7198 2
7199 2
7200 2
7201 4
7202 2
7203 4
7204 2
7205 2
7206 2
7207 2
7208 2
7209 2
7210 4
7211 4
7212 4
7213 4
7214 4
7215 4
7216 4
7217 4
7218 4
7219 4
7220 4
7221 4
7222 4
7223 4
7224 4
7225 4
7226 4
7227 4
7228 4
7229 4
7230 4
7231 4
7232 2
7233 2
7234 4
7235 2
7236 4
7237 2
7238 4
7239 4
7240 4
7241 2
7242 4
7243 4
7244 2
7245 2
7246 4
7247 4
7248 4
7249 4
7250 4
7251 4
7252 4
7253 4
7254 4
7255 4
7256 4
7257 4
7258 4
7259 4
7260 4
7261 4
7262 4
7263 4
7264 4
7265 4
7266 4
7267 4
7268 4
7269 4
7270 4
7271 4
7272 4
7273 4
7274 4
7275 4
7276 4
7277 4
7278 4
7279 4
7280 4
7281 4
7282 4
7283 4
7284 4
7285 4
7286 4
7287 4
7288 4
7289 4
7290 4
7291 4
7292 4
7293 4
7294 4
7295 4
7296 4
7297 4
7298 4
7299 4
7300 4
7301 2
7302 2
7303 2
7304 2
7305 2
7306 2
7307 2
7308 2
7309 2
7310 2
7311 2
7312 2
7313 2
7314 2
7315 2
7316 2
7317 2
7318 2
7319 2
7320 2
7321 2
7322 2
7323 2
7324 4
7325 4
7326 4
7327 4
7328 4
7329 4
7330 4
7331 4
7332 4
7333 4
7334 4
7335 4
7336 4
7337 4
7338 4
7339 4
7340 4
7341 4
7342 4
7343 4
7344 4
7345 4
7346 4
7347 4
7348 4
7349 4
7350 4
7351 4
7352 4
7353 4
7354 4
7355 4
7356 4
7357 4
7358 4
7359 4
7360 4
7361 4
7362 4
7363 4
7364 4
7365 4
7366 4
7367 4
7368 4
7369 4
7370 4
7371 4
7372 4
7373 4
7374 4
7375 4
7376 4
7377 4
7378 4
7379 4
7380 4
7381 4
7382 4
7383 4
7384 4
7385 4
7386 4
7387 4
7388 4
7389 4
7390 4
7391 4
7392 4
7393 4
7394 4
7395 4
7396 0
7397 0
7398 0
7399 0
7400 0
7401 0
7402 4
7403 4
7404 4
7405 4
7406 4
7407 4
7408 4
7409 4
7410 4
7411 4
7412 4
7413 4
7414 4
7415 4
7416 4
7417 4
7418 4
7419 4
7420 4
7421 4
7422 4
7423 4
7424 4
7425 4
7426 4
7427 4
7428 4
7429 4
7430 4
7431 4
7432 4
7433 4
7434 4
7435 4
7436 4
7437 4
7438 4
7439 4
7440 4
7441 4
7442 4
7443 4
7444 4
7445 4
7446 4
7447 4
7448 4
7449 4
7450 4
7451 4
7452 4
7453 4
7454 4
7455 4
7456 4
7457 4
7458 4
7459 4
7460 4
7461 4
7462 4
7463 4
7464 4
7465 4
7466 4
7467 4
7468 4
7469 4
7470 4
7471 4
7472 4
7473 4
7474 4
7475 4
7476 4
7477 4
7478 4
7479 4
7480 4
7481 4
7482 4
7483 4
7484 4
7485 4
7486 4
7487 4
7488 4
7489 4
7490 4
7491 4
7492 4
7493 4
7494 2
7495 2
7496 4
7497 4
7498 4
7499 4
7500 4
7501 4
7502 4
7503 4
7504 4
7505 4
7506 4
7507 4
7508 1
7509 5
7510 1
7511 1
7512 5
7513 1
7514 1
7515 1
7516 1
7517 1
7518 1
7519 1
7520 1
7521 1
7522 1
7523 1
7524 1
7525 1
7526 1
7527 1
7528 1
7529 1
7530 1
7531 1
7532 1
7533 1
7534 1
7535 1
7536 1
7537 1
7538 1
7539 1
7540 1
7541 1
7542 1
7543 1
7544 1
7545 1
7546 1
7547 1
7548 1
7549 1
7550 1
7551 1
7552 1
7553 1
7554 1
7555 1
7556 1
7557 1
7558 1
7559 1
7560 1
7561 1
7562 1
7563 1
7564 1
7565 1
7566 1
7567 1
7568 1
7569 1
7570 1
7571 1
7572 1
7573 1
7574 1
7575 5
7576 5
7577 4
7578 5
7579 5
7580 4
7581 4
7582 1
7583 5
7584 5
7585 5
7586 5
7587 4
7588 4
7589 4
7590 4
7591 4
7592 4
7593 4
7594 4
7595 4
7596 0
7597 4
7598 4
7599 4
7600 4
7601 4
7602 4
7603 4
7604 4
7605 4
7606 4
7607 4
7608 4
7609 4
7610 4
7611 4
7612 4
7613 4
7614 4
7615 4
7616 4
7617 4
7618 4
7619 4
7620 0
7621 0
7622 0
7623 4
7624 4
7625 4
7626 4
7627 4
7628 4
7629 4
7630 4
7631 4
7632 4
7633 4
7634 4
7635 0
7636 0
7637 0
7638 0
7639 4
7640 4
7641 4
7642 0
7643 0
7644 0
7645 0
7646 0
7647 0
7648 0
7649 0
7650 0
7651 0
7652 0
7653 0
7654 0
7655 0
7656 0
7657 0
7658 4
7659 4
7660 4
7661 4
7662 4
7663 4
7664 4
7665 4
7666 4
7667 0
7668 4
7669 4
7670 4
7671 4
7672 4
7673 4
7674 4
7675 4
7676 4
7677 4
7678 4
7679 4
7680 4
7681 4
7682 4
7683 4
7684 4
7685 4
7686 4
7687 4
7688 4
7689 4
7690 4
7691 4
7692 4
7693 4
7694 4
7695 4
7696 4
7697 4
7698 4
7699 4
7700 4
7701 4
7702 4
7703 4
7704 4
7705 4
7706 4
7707 4
7708 4
7709 4
7710 4
7711 4
7712 4
7713 4
7714 4
7715 4
7716 4
7717 2
7718 2
7719 2
7720 2
7721 2
7722 2
7723 0
7724 0
7725 0
7726 0
7727 0
7728 4
7729 4
7730 0
7731 0
7732 0
7733 0
7734 4
7735 4
7736 1
7737 1
7738 1
7739 1
7740 1
7741 1
7742 1
7743 1
7744 1
7745 1
7746 1
7747 1
7748 1
7749 1
7750 1
7751 1
7752 1
7753 1
7754 5
7755 5
7756 5
7757 5
7758 2
7759 2
7760 4
7761 4
7762 4
7763 4
7764 4
7765 4
7766 4
7767 4
7768 4
7769 4
7770 4
7771 4
7772 4
7773 4
7774 2
7775 2
7776 4
7777 2
7778 2
7779 2
7780 2
7781 2
7782 2
7783 2
7784 2
7785 2
7786 1
7787 1
7788 1
7789 1
7790 1
7791 1
7792 1
7793 1
7794 1
7795 1
7796 1
7797 1
7798 1
7799 1
7800 1
7801 1
7802 1
7803 1
7804 2
7805 2
7806 2
7807 2
7808 2
7809 2
7810 2
7811 2
7812 2
7813 2
7814 2
7815 2
7816 2
7817 2
7818 0
7819 0
7820 0
7821 0
7822 0
7823 0
7824 0
7825 0
7826 0
7827 0
7828 0
7829 5
7830 5
7831 5
7832 5
7833 1
7834 1
7835 1
7836 1
7837 1
7838 1
7839 1
7840 1
7841 1
7842 5
7843 5
7844 5
7845 5
7846 5
7847 0
7848 0
7849 0
7850 3
7851 3
7852 3
7853 3
7854 3
7855 3
7856 3
7857 3
7858 3
7859 3
7860 3
7861 1
7862 1
7863 1
7864 5
7865 1
7866 1
7867 1
7868 1
7869 1
7870 1
7871 1
7872 5
7873 5
7874 5
7875 5
7876 5
7877 5
7878 5
7879 5
7880 5
7881 5
7882 5
7883 5
7884 3
7885 3
7886 3
7887 5
7888 5
7889 5
7890 1
7891 1
7892 1
7893 1
7894 1
7895 1
7896 1
7897 1
7898 1
7899 1
7900 1
7901 1
7902 1
7903 1
7904 5
7905 5
7906 5
7907 3
7908 3
7909 3
7910 3
7911 3
7912 3
7913 3
7914 3
7915 3
7916 3
7917 3
7918 3
7919 3
7920 3
7921 3
7922 3
7923 3
7924 3
7925 3
7926 3
7927 3
7928 3
7929 3
7930 3
7931 3
7932 3
7933 3
7934 3
7935 3
7936 3
7937 3
7938 5
7939 5
7940 5
7941 1
7942 1
7943 1
7944 1
7945 1
7946 1
7947 1
7948 1
7949 5
7950 5
7951 5
7952 5
7953 3
7954 5
7955 3
7956 3
7957 3
7958 3
7959 3
7960 3
7961 2
7962 2
7963 2
7964 2
7965 2
7966 2
7967 2
7968 2
7969 2
7970 2
7971 2
7972 2
7973 1
7974 1
7975 1
7976 1
7977 1
7978 1
7979 1
7980 1
7981 1
7982 1
7983 1
7984 1
7985 2
7986 2
7987 2
7988 2
7989 2
7990 2
7991 2
7992 2
7993 2
7994 2
7995 2
7996 2
7997 2
7998 2
7999 2
8000 2
8001 2
8002 1
8003 1
8004 1
8005 1
8006 1
8007 1
8008 1
8009 1
8010 1
8011 1
8012 1
8013 1
8014 1
8015 1
8016 1
8017 1
8018 1
8019 1
8020 1
8021 1
8022 2
8023 1
8024 1
8025 2
8026 2
8027 2
8028 2
8029 2
8030 2
8031 2
8032 2
8033 2
8034 2
8035 2
8036 2
8037 2
8038 2
8039 2
8040 2
8041 2
8042 2
8043 2
8044 2
8045 2
8046 2
8047 2
8048 2
8049 2
8050 2
8051 2
8052 2
8053 2
8054 2
8055 2
8056 2
8057 2
8058 2
8059 2
8060 2
8061 2
8062 2
8063 2
8064 2
8065 2
8066 2
8067 2
8068 2
8069 2
8070 2
8071 2
8072 2
8073 2
8074 2
8075 2
8076 2
8077 2
8078 2
8079 2
8080 2
8081 2
8082 2
8083 2
8084 2
8085 2
8086 2
8087 2
8088 2
8089 2
8090 2
8091 2
8092 2
8093 2
8094 2
8095 2
8096 2
8097 2
8098 2
8099 2
8100 2
8101 2
8102 2
8103 2
8104 2
8105 2
8106 2
8107 2
8108 2
8109 2
8110 2
8111 2
8112 2
8113 2
8114 2
8115 2
8116 2
8117 2
8118 2
8119 2
8120 2
8121 2
8122 2
8123 1
8124 1
8125 1
8126 1
8127 1
8128 1
8129 1
8130 1
8131 1
8132 1
8133 1
8134 1
8135 1
8136 1
8137 1
8138 1
8139 1
8140 1
8141 1
8142 1
8143 1
8144 1
8145 1
8146 1
8147 1
8148 1
8149 1
8150 1
8151 1
8152 1
8153 1
8154 1
8155 1
8156 1
8157 1
8158 1
8159 1
8160 2
8161 2
8162 1
8163 2
8164 2
8165 2
8166 2
8167 2
8168 2
8169 1
8170 2
8171 2
8172 2
8173 2
8174 2
8175 2
8176 2
8177 2
8178 2
8179 2
8180 2
8181 2
8182 2
8183 2
8184 2
8185 2
8186 2
8187 2
8188 2
8189 2
8190 2
8191 2
8192 2
8193 2
8194 2
8195 2
8196 2
8197 2
8198 2
8199 2
8200 2
8201 2
8202 2
8203 2
8204 2
8205 2
8206 2
8207 2
8208 2
8209 2
8210 2
8211 2
8212 2
8213 2
8214 2
8215 2
8216 2
8217 2
8218 2
8219 2
8220 2
8221 2
8222 2
8223 2
8224 2
8225 2
8226 2
8227 2
8228 2
8229 2
8230 2
8231 2
8232 2
8233 2
8234 2
8235 2
8236 2
8237 1
8238 1
8239 2
8240 2
8241 1
8242 1
8243 1
8244 1
8245 1
8246 1
8247 1
8248 1
8249 1
8250 1
8251 1
8252 1
8253 1
8254 1
8255 1
8256 1
8257 1
8258 1
8259 1
8260 1
8261 1
8262 1
8263 1
8264 1
8265 1
8266 1
8267 1
8268 1
8269 2
8270 2
8271 2
8272 2
8273 2
8274 2
8275 2
8276 2
8277 2
8278 2
8279 2
8280 2
8281 2
8282 2
8283 2
8284 2
8285 2
8286 2
8287 2
8288 2
8289 2
8290 2
8291 2
8292 2
8293 2
8294 2
8295 2
8296 2
8297 2
8298 2
8299 2
8300 2
8301 2
8302 2
8303 2
8304 2
8305 2
8306 2
8307 2
8308 2
8309 2
8310 2
8311 2
8312 2
8313 2
8314 2
8315 3
8316 3
8317 3
8318 3
8319 3
8320 3
8321 3
8322 3
8323 3
8324 3
8325 3
8326 3
8327 3
8328 3
8329 3
8330 3
8331 3
8332 3
8333 3
8334 3
8335 3
8336 3
8337 3
8338 3
8339 3
8340 3
8341 3
8342 3
8343 3
8344 3
8345 3
8346 3
8347 3
8348 3
8349 3
8350 3
8351 3
8352 3
8353 3
8354 3
8355 5
8356 5
8357 5
8358 5
8359 5
8360 5
8361 5
8362 5
8363 5
8364 5
8365 5
8366 5
8367 5
8368 5
8369 5
8370 5
8371 5
8372 5
8373 5
8374 5
8375 5
8376 5
8377 5
8378 1
8379 1
8380 1
8381 5
8382 5
8383 1
8384 1
8385 1
8386 1
8387 1
8388 1
8389 1
8390 1
8391 1
8392 1
8393 1
8394 1
8395 1
8396 1
8397 1
8398 1
8399 1
8400 5
8401 5
8402 5
8403 5
8404 5
8405 5
8406 5
8407 5
8408 3
8409 3
8410 3
8411 3
8412 3
8413 3
8414 3
8415 3
8416 3
8417 3
8418 3
8419 3
8420 3
8421 3
8422 3
8423 3
8424 3
8425 3
8426 3
8427 3
8428 3
8429 3
8430 3
8431 3
8432 3
8433 3
8434 3
8435 3
8436 3
8437 3
8438 3
8439 3
8440 3
8441 3
8442 3
8443 3
8444 3
8445 3
8446 3
8447 3
8448 3
8449 3
8450 3
8451 3
8452 3
8453 3
8454 3
8455 3
8456 3
8457 3
8458 3
8459 3
8460 3
8461 3
8462 3
8463 3
8464 3
8465 3
8466 3
8467 3
8468 3
8469 3
8470 3
8471 3
8472 3
8473 3
8474 3
8475 3
8476 3
8477 3
8478 3
8479 3
8480 3
8481 3
8482 3
8483 3
8484 3
8485 3
8486 3
8487 3
8488 3
8489 3
8490 3
8491 3
8492 5
8493 5
8494 5
8495 5
8496 5
8497 5
8498 5
8499 3
8500 5
8501 5
8502 5
8503 5
8504 5
8505 5
8506 5
8507 5
8508 5
8509 5
8510 5
8511 5
8512 5
8513 5
8514 5
8515 5
8516 5
8517 5
8518 5
8519 5
8520 1
8521 1
8522 1
8523 1
8524 1
8525 1
8526 1
8527 1
8528 1
8529 1
8530 1
8531 5
8532 5
8533 5
8534 5
8535 5
8536 3
8537 3
8538 3
8539 3
8540 3
8541 3
8542 3
8543 3
8544 3
8545 3
8546 3
8547 3
8548 3
8549 3
8550 3
8551 3
8552 3
8553 3
8554 3
8555 3
8556 3
8557 3
8558 3
8559 3
8560 0
8561 0
8562 0
8563 0
8564 0
8565 0
8566 0
8567 3
8568 3
8569 3
8570 3
8571 3
8572 3
8573 3
8574 3
8575 3
8576 0
8577 0
8578 3
8579 3
8580 3
8581 3
8582 3
8583 3
8584 3
8585 3
8586 3
8587 3
8588 3
8589 3
8590 3
8591 3
8592 3
8593 3
8594 3
8595 3
8596 3
8597 3
8598 3
8599 3
8600 0
8601 0
8602 0
8603 0
8604 0
8605 0
8606 0
8607 0
8608 0
8609 0
8610 3
8611 0
8612 3
8613 5
8614 5
8615 3
8616 5
8617 5
8618 5
8619 5
8620 5
8621 5
8622 5
8623 5
8624 5
8625 5
8626 5
8627 5
8628 5
8629 5
8630 5
8631 5
8632 5
8633 5
8634 5
8635 5
8636 1
8637 5
8638 1
8639 1
8640 1
8641 1
8642 1
8643 1
8644 1
8645 1
8646 1
8647 1
8648 1
8649 1
8650 1
8651 1
8652 5
8653 5
8654 5
8655 5
8656 5
8657 5
8658 5
8659 5
8660 5
8661 5
8662 5
8663 3
8664 3
8665 3
8666 3
8667 3
8668 3
8669 3
8670 3
8671 3
8672 3
8673 3
8674 0
8675 0
8676 0
8677 0
8678 0
8679 0
8680 0
8681 0
8682 0
8683 0
8684 0
8685 0
8686 0
8687 0
8688 0
8689 0
8690 0
8691 0
8692 0
8693 0
8694 0
8695 0
8696 0
8697 0
8698 0
8699 0
8700 0
8701 0
8702 0
8703 0
8704 0
8705 0
8706 0
8707 0
8708 0
8709 0
8710 0
8711 0
8712 0
8713 0
8714 0
8715 0
8716 0
8717 0
8718 0
8719 0
8720 0
8721 0
8722 0
8723 0
8724 0
8725 0
8726 0
8727 0
8728 0
8729 0
8730 0
8731 0
8732 5
8733 5
8734 5
8735 5
8736 5
8737 5
8738 5
8739 5
8740 5
8741 5
8742 5
8743 1
8744 1
8745 1
8746 1
8747 1
8748 1
8749 1
8750 1
8751 1
8752 1
8753 1
8754 1
8755 1
8756 1
8757 1
8758 1
8759 1
8760 1
8761 1
8762 1
8763 1
8764 1
8765 5
8766 1
8767 1
8768 1
8769 1
8770 5
8771 5
8772 5
8773 3
8774 5
8775 5
8776 5
8777 0
8778 0
8779 0
8780 0
8781 0
8782 5
8783 5
8784 5
8785 5
8786 0
8787 5
8788 5
8789 5
8790 0
8791 0
8792 0
8793 0
8794 0
8795 0
8796 0
8797 0
8798 0
8799 0
8800 0
8801 0
8802 0
8803 0
8804 0
8805 0
8806 0
8807 0
8808 0
8809 0
8810 0
8811 0
8812 0
8813 0
8814 0
8815 0
8816 0
8817 0
8818 0
8819 0
8820 0
8821 0
8822 0
8823 0
8824 0
8825 0
8826 0
8827 0
8828 4
8829 4
8830 4
8831 4
8832 4
8833 4
8834 4
8835 4
8836 4
8837 2
8838 2
8839 2
8840 2
8841 2
8842 2
8843 2
8844 2
8845 2
8846 2
8847 2
8848 2
8849 2
8850 2
8851 2
8852 2
8853 2
8854 2
8855 2
8856 2
8857 2
8858 2
8859 2
8860 2
8861 2
8862 2
8863 2
8864 2
8865 2
8866 2
8867 2
8868 1
8869 1
8870 1
8871 1
8872 1
8873 1
8874 1
8875 1
8876 1
8877 1
8878 1
8879 1
8880 1
8881 1
8882 1
8883 1
8884 1
8885 1
8886 1
8887 1
8888 1
8889 1
8890 1
8891 1
8892 1
8893 1
8894 1
8895 1
8896 1
8897 4
8898 2
8899 4
8900 2
8901 4
8902 4
8903 4
8904 4
8905 4
8906 4
8907 4
8908 4
8909 2
8910 2
8911 4
8912 2
8913 2
8914 2
8915 2
8916 2
8917 2
8918 2
8919 2
8920 2
8921 4
8922 2
8923 2
8924 2
8925 2
8926 4
8927 4
8928 2
8929 2
8930 2
8931 2
8932 2
8933 4
8934 4
8935 4
8936 4
8937 4
8938 4
8939 4
8940 4
8941 4
8942 4
8943 4
8944 4
8945 4
8946 4
8947 4
8948 4
8949 4
8950 4
8951 4
8952 4
8953 4
8954 4
8955 4
8956 4
8957 4
8958 4
8959 4
8960 4
8961 4
8962 4
8963 4
8964 4
8965 4
8966 4
8967 4
8968 4
8969 4
8970 4
8971 4
8972 4
8973 4
8974 4
8975 4
8976 4
8977 4
8978 4
8979 4
8980 4
8981 4
8982 0
8983 4
8984 4
8985 4
8986 4
8987 4
8988 4
8989 4
8990 4
8991 4
8992 4
8993 4
8994 4
8995 4
8996 4
8997 4
8998 4
8999 4
9000 4
9001 4
9002 4
9003 4
9004 4
9005 4
9006 4
9007 4
9008 4
9009 4
9010 4
9011 4
9012 1
9013 1
9014 5
9015 1
9016 1
9017 1
9018 1
9019 1
9020 1
9021 1
9022 1
9023 1
9024 1
9025 1
9026 1
9027 1
9028 1
9029 1
9030 1
9031 1
9032 1
9033 1
9034 1
9035 1
9036 1
9037 1
9038 1
9039 1
9040 5
9041 5
9042 5
9043 5
9044 5
9045 5
9046 4
9047 4
9048 4
9049 0
9050 4
9051 4
9052 0
9053 4
9054 4
9055 4
9056 4
9057 4
9058 4
9059 4
9060 4
9061 4
9062 4
9063 4
9064 4
9065 4
9066 4
9067 4
9068 4
9069 4
9070 4
9071 4
9072 4
9073 4
9074 0
9075 0
9076 0
9077 1
9078 1
9079 1
9080 1
9081 1
9082 1
9083 5
9084 5
9085 2
9086 2
9087 2
9088 2
9089 2
9090 2
9091 1
9092 1
9093 1
9094 1
9095 1
9096 1
9097 1
9098 2
9099 2
9100 2
9101 2
9102 2
9103 2
9104 2
9105 2
9106 5
9107 1
9108 5
9109 5
9110 5
9111 3
9112 3
9113 3
9114 3
9115 3
9116 3
9117 3
9118 3
9119 1
9120 1
9121 5
9122 5
9123 5
9124 5
9125 5
9126 5
9127 5
9128 5
9129 5
9130 5
9131 5
9132 1
9133 5
9134 5
9135 3
9136 3
9137 3
9138 3
9139 3
9140 3
9141 3
9142 3
9143 3
9144 3
9145 3
9146 3
9147 3
9148 3
9149 3
9150 3
9151 3
9152 3
9153 3
9154 3
9155 3
9156 5
9157 5
9158 1
9159 5
9160 5
9161 5
9162 2
9163 2
9164 2
9165 2
9166 2
9167 2
9168 2
9169 1
9170 1
9171 1
9172 2
9173 1
9174 1
9175 1
9176 1
9177 1
9178 2
9179 2
9180 2
9181 2
9182 2
9183 2
9184 2
9185 2
9186 2
9187 2
9188 2
9189 2
9190 2
9191 2
9192 2
9193 2
9194 2
9195 2
9196 2
9197 2
9198 2
9199 2
9200 2
9201 2
9202 2
9203 2
9204 2
9205 2
9206 2
9207 2
9208 2
9209 2
9210 2
9211 2
9212 2
9213 2
9214 2
9215 2
9216 2
9217 2
9218 2
9219 2
9220 2
9221 2
9222 1
9223 1
9224 1
9225 1
9226 1
9227 1
9228 1
9229 1
9230 1
9231 1
9232 1
9233 2
9234 2
9235 2
9236 2
9237 2
9238 2
9239 2
9240 2
9241 2
9242 2
9243 2
9244 2
9245 2
9246 2
9247 2
9248 2
9249 2
9250 2
9251 2
9252 2
9253 2
9254 2
9255 2
9256 2
9257 2
9258 2
9259 2
9260 2
9261 2
9262 2
9263 2
9264 1
9265 1
9266 1
9267 1
9268 1
9269 1
9270 1
9271 1
9272 2
9273 2
9274 2
9275 2
9276 2
9277 2
9278 2
9279 2
9280 2
9281 2
9282 2
9283 2
9284 2
9285 2
9286 2
9287 2
9288 2
9289 2
9290 2
9291 2
9292 2
9293 2
9294 2
9295 2
9296 2
9297 2
9298 2
9299 2
9300 2
9301 2
9302 2
9303 2
9304 2
9305 2
9306 2
9307 3
9308 3
9309 3
9310 3
9311 3
9312 3
9313 3
9314 3
9315 3
9316 3
9317 3
9318 3
9319 3
9320 3
9321 3
9322 3
9323 3
9324 3
9325 3
9326 3
9327 3
9328 3
9329 3
9330 5
9331 5
9332 5
9333 5
9334 5
9335 5
9336 5
9337 5
9338 1
9339 1
9340 1
9341 1
9342 5
9343 5
9344 3
9345 3
9346 3
9347 3
9348 3
9349 3
9350 3
9351 3
9352 3
9353 3
9354 3
9355 3
9356 3
9357 3
9358 3
9359 3
9360 3
9361 3
9362 3
9363 3
9364 3
9365 3
9366 3
9367 3
9368 3
9369 3
9370 3
9371 3
9372 3
9373 3
9374 3
9375 3
9376 3
9377 3
9378 3
9379 3
9380 3
9381 3
9382 3
9383 3
9384 3
9385 3
9386 3
9387 3
9388 3
9389 3
9390 3
9391 3
9392 3
9393 3
9394 3
9395 3
9396 3
9397 5
9398 5
9399 3
9400 3
9401 3
9402 5
9403 5
9404 5
9405 5
9406 5
9407 5
9408 3
9409 3
9410 3
9411 3
9412 3
9413 3
9414 3
9415 3
9416 0
9417 0
9418 0
9419 0
9420 0
9421 3
9422 3
9423 3
9424 3
9425 3
9426 3
9427 3
9428 3
9429 3
9430 3
9431 0
9432 0
9433 0
9434 0
9435 0
9436 0
9437 0
9438 0
9439 5
9440 5
9441 5
9442 5
9443 5
9444 5
9445 5
9446 5
9447 5
9448 5
9449 5
9450 1
9451 1
9452 5
9453 5
9454 5
9455 5
9456 5
9457 5
9458 3
9459 3
9460 3
9461 0
9462 0
9463 0
9464 0
9465 0
9466 0
9467 0
9468 0
9469 0
9470 0
9471 0
9472 0
9473 0
9474 0
9475 0
9476 0
9477 0
9478 0
9479 0
9480 0
9481 0
9482 5
9483 5
9484 5
9485 5
9486 5
9487 1
9488 1
9489 1
9490 1
9491 1
9492 5
9493 0
9494 0
9495 0
9496 0
9497 0
9498 0
9499 0
9500 0
9501 0
9502 0
9503 0
9504 0
9505 0
9506 0
9507 0
9508 4
9509 4
9510 4
9511 2
9512 2
9513 2
9514 2
9515 2
9516 2
9517 2
9518 2
9519 2
9520 2
9521 2
9522 1
9523 1
9524 1
9525 1
9526 1
9527 1
9528 1
9529 1
9530 1
9531 1
9532 1
9533 4
9534 4
9535 4
9536 4
9537 4
9538 4
9539 2
9540 2
9541 2
9542 2
9543 2
9544 2
9545 2
9546 2
9547 2
9548 4
9549 4
9550 4
9551 4
9552 4
9553 4
9554 4
9555 4
9556 4
9557 4
9558 4
9559 4
9560 4
9561 4
9562 4
9563 4
9564 0
9565 0
9566 4
9567 0
9568 0
9569 4
9570 4
9571 4
9572 4
9573 4
9574 4
9575 4
9576 1
9577 1
9578 1
9579 1
9580 1
9581 1
9582 1
9583 5
9584 5
9585 4
9586 4
9587 4
9588 0
9589 0
9590 4
9591 4
9592 0
9593 4
9594 4
9595 4
9596 0
9597 0
9598 1
9599 2
9600 2
9601 2
9602 2
9603 2
9604 2
9605 2
9606 2
9607 2
9608 2
9609 5
9610 3
9611 3
9612 3
9613 3
9614 3
9615 5
9616 5
9617 5
9618 5
9619 5
9620 3
9621 3
9622 3
9623 3
9624 3
9625 3
9626 3
9627 3
9628 3
9629 3
9630 3
9631 3
9632 5
9633 5
9634 2
9635 2
9636 2
9637 2
9638 1
9639 2
9640 2
9641 2
9642 2
9643 2
9644 2
9645 2
9646 2
9647 2
9648 2
9649 2
9650 2
9651 2
9652 2
9653 2
9654 2
9655 2
9656 2
9657 2
9658 2
9659 2
9660 2
9661 2
9662 2
9663 2
9664 2
9665 2
9666 2
9667 2
9668 2
9669 2
9670 2
9671 2
9672 2
9673 2
9674 2
9675 2
9676 2
9677 2
9678 2
9679 2
9680 2
9681 2
9682 2
9683 2
9684 2
9685 2
9686 2
9687 2
9688 2
9689 2
9690 2
9691 2
9692 2
9693 2
9694 2
9695 2
9696 2
9697 2
9698 2
9699 2
9700 2
9701 2
9702 2
9703 2
9704 3
9705 3
9706 3
9707 3
9708 3
9709 3
9710 3
9711 3
9712 3
9713 3
9714 3
9715 3
9716 3
9717 3
9718 3
9719 3
9720 5
9721 5
9722 5
9723 5
9724 5
9725 3
9726 3
9727 3
9728 3
9729 3
9730 3
9731 3
9732 3
9733 3
9734 3
9735 3
9736 3
9737 3
9738 3
9739 3
9740 3
9741 3
9742 3
9743 3
9744 3
9745 3
9746 3
9747 3
9748 3
9749 3
9750 3
9751 3
9752 3
9753 3
9754 3
9755 3
9756 3
9757 3
9758 3
9759 3
9760 3
9761 0
9762 0
9763 0
9764 0
9765 0
9766 3
9767 3
9768 3
9769 3
9770 3
9771 3
9772 3
9773 0
9774 0
9775 0
9776 0
9777 5
9778 5
9779 5
9780 5
9781 5
9782 5
9783 5
9784 0
9785 0
9786 0
9787 0
9788 0
9789 0
9790 0
9791 0
9792 0
9793 0
9794 0
9795 0
9796 0
9797 5
9798 0
9799 0
9800 0
9801 0
9802 0
9803 0
9804 0
9805 4
9806 4
9807 2
9808 2
9809 2
9810 2
9811 1
9812 4
9813 4
9814 4
9815 2
9816 2
9817 2
9818 2
9819 2
9820 2
9821 2
9822 4
9823 4
9824 4
9825 4
9826 4
9827 4
9828 4
9829 4
9830 4
9831 4
9832 0
9833 4
9834 4
9835 0
9836 0
9837 4
9838 0
9839 0
9840 0
9841 0
9842 0
9843 4
9844 0
9845 0
9846 2
9847 2
9848 2
9849 2
9850 2
9851 2
9852 2
9853 3
9854 3
9855 3
9856 3
9857 5
9858 5
9859 5
9860 3
9861 3
9862 2
9863 2
9864 2
9865 2
9866 2
9867 2
9868 2
9869 2
9870 2
9871 2
9872 2
9873 2
9874 2
9875 2
9876 2
9877 2
9878 2
9879 2
9880 2
9881 2
9882 2
9883 2
9884 2
9885 2
9886 3
9887 3
9888 3
9889 3
9890 3
9891 3
9892 3
9893 3
9894 3
9895 3
9896 3
9897 3
9898 3
9899 3
9900 3
9901 3
9902 3
9903 3
9904 3
9905 3
9906 3
9907 3
9908 0
9909 0
9910 3
9911 3
9912 3
9913 3
9914 3
9915 3
9916 0
9917 5
9918 0
9919 0
9920 0
9921 0
9922 0
9923 0
9924 0
9925 0
9926 2
9927 4
9928 2
9929 2
9930 2
9931 2
9932 2
9933 2
9934 4
9935 4
9936 4
9937 4
9938 0
9939 0
9940 0
9941 0
9942 0
9943 0
9944 2
9945 3
9946 2
9947 2
9948 2
9949 2
9950 2
9951 2
9952 3
9953 3
9954 3
9955 3
9956 3
9957 3
9958 3
9959 3
9960 3
9961 3
9962 0
9963 0
9964 0
9965 0
9966 2
9967 2
9968 2
9969 0
9970 0
9971 0
9972 2
9973 2
9974 2
9975 3
9976 3
9977 3
9978 3
9979 3
9980 0
9981 2
9982 2
9983 2
9984 3
9985 2
9986 2
9987 2
9988 2
9989 2
9990 2
9991 2
9992 2
9993 2
9994 2
9995 2
9996 2
9997 2
9998 2
9999 2
10000 2
10001 2
10002 2
10003 2
10004 2
10005 2
10006 2
10007 2
10008 2
10009 2
10010 2
10011 2
10012 2
10013 2
10014 2
10015 2
10016 2
10017 2
10018 2
10019 2
10020 2
10021 2
10022 2
10023 2
10024 2
10025 2
10026 2
10027 2
10028 2
10029 2
10030 2
10031 2
10032 2
10033 2
10034 2
10035 2
10036 2
10037 2
10038 2
10039 2
10040 2
10041 2
10042 2
10043 2
10044 2
10045 2
10046 2
10047 2
10048 2
10049 2
10050 2
10051 2
10052 2
10053 2
10054 2
10055 2
10056 4
10057 4
10058 4
10059 4
10060 4
10061 4
10062 4
10063 4
10064 4
10065 4
10066 4
10067 4
10068 4
10069 2
10070 2
10071 2
10072 2
10073 2
10074 2
10075 2
10076 4
10077 2
10078 4
10079 4
10080 2
10081 2
10082 2
10083 2
10084 2
10085 2
10086 2
10087 2
10088 2
10089 2
10090 2
10091 2
10092 2
10093 2
10094 2
10095 2
10096 2
10097 2
10098 2
10099 2
10100 2
10101 2
10102 2
10103 2
10104 2
10105 2
10106 2
10107 2
10108 2
10109 2
10110 2
10111 2
10112 2
10113 2
10114 2
10115 2
10116 2
10117 2
10118 2
10119 2
10120 2
10121 2
10122 2
10123 2
10124 2
10125 2
10126 2
10127 2
10128 2
10129 2
10130 2
10131 2
10132 2
10133 3
10134 3
10135 3
10136 3
10137 3
10138 3
10139 3
10140 3
10141 3
10142 3
10143 3
10144 3
10145 3
10146 3
10147 3
10148 3
10149 3
10150 3
10151 3
10152 3
10153 3
10154 3
10155 3
10156 3
10157 3
10158 3
10159 3
10160 3
10161 3
10162 3
10163 3
10164 3
10165 3
10166 3
10167 3
10168 3
10169 3
10170 3
10171 3
10172 3
10173 3
10174 3
10175 3
10176 3
10177 3
10178 3
10179 3
10180 3
10181 3
10182 3
10183 3
10184 3
10185 3
10186 3
10187 3
10188 3
10189 3
10190 3
10191 3
10192 3
10193 3
10194 3
10195 3
10196 3
10197 3
10198 3
10199 3
10200 3
10201 3
10202 3
10203 3
10204 3
10205 3
10206 3
10207 3
10208 3
10209 3
10210 3
10211 3
10212 3
10213 3
10214 3
10215 3
10216 3
10217 3
10218 3
10219 3
10220 3
10221 3
10222 3
10223 3
10224 3
10225 3
10226 3
10227 3
10228 3
10229 3
10230 3
10231 3
10232 3
10233 3
10234 3
10235 3
10236 3
10237 3
10238 3
10239 3
10240 1
