0 2
1 2
2 5
3 5
4 2
5 3
6 4
7 0
8 0
9 4
10 0
11 4
12 0
13 5
14 4
15 5
16 2
17 2
18 2
19 0
20 5
21 5
22 2
23 2
24 2
25 2
26 5
27 5
28 4
29 4
30 4
31 4
32 4
33 2
34 1
35 0
36 0
37 5
38 5
39 2
40 5
41 2
42 2
43 2
44 2
45 2
46 2
47 2
48 1
49 1
50 5
51 4
52 4
53 0
54 2
55 1
56 0
57 5
58 3
59 3
60 5
61 3
62 1
63 1
64 5
65 3
66 3
67 0
68 4
69 4
70 2
71 2
72 5
73 5
74 5
75 5
76 5
77 5
78 5
79 4
80 1
81 3
82 3
83 3
84 0
85 2
86 2
87 2
88 0
89 4
90 4
91 4
92 4
93 4
94 1
95 3
96 3
97 3
98 3
99 5
100 5
101 2
102 2
103 2
104 2
105 2
106 2
107 2
108 2
109 2
110 2
111 2
112 5
113 5
114 5
115 5
116 5
117 5
118 5
119 5
120 5
121 5
122 5
123 5
124 5
125 4
126 4
127 4
128 4
129 1
130 1
131 5
132 5
133 4
134 4
135 0
136 0
137 0
138 1
139 1
140 0
141 0
142 0
143 2
144 0
145 0
146 1
147 1
148 0
149 0
150 0
151 1
152 1
153 1
154 2
155 3
156 3
157 3
158 3
159 3
160 3
161 3
162 2
163 2
164 3
165 3
166 2
167 2
168 2
169 5
170 5
171 5
172 5
173 3
174 3
175 3
176 3
177 3
178 4
179 4
180 5
181 5
182 1
183 4
184 0
185 0
186 0
187 4
188 1
189 1
190 4
191 4
192 2
193 2
194 2
195 1
196 1
197 3
198 3
199 2
200 2
201 0
202 2
203 0
204 0
205 0
206 0
207 0
208 3
209 3
210 3
211 3
212 3
213 3
214 3
215 3
216 3
217 3
218 3
219 3
220 3
221 0
222 0
223 0
224 0
225 0
226 2
227 2
228 2
229 2
230 2
231 4
232 4
233 4
234 3
235 3
236 3
237 3
238 1
239 3
240 5
241 2
242 3
243 3
244 0
245 0
246 1
247 1
248 1
249 0
250 1
251 2
252 2
253 1
254 1
255 1
256 4
257 5
258 4
259 5
260 1
261 4
262 4
263 4
264 4
265 4
266 5
267 3
268 5
269 5
270 5
271 5
272 5
273 5
274 5
275 5
276 5
277 5
278 2
279 2
280 2
281 2
282 2
283 2
284 2
285 2
286 2
287 2
288 2
289 2
290 2
291 2
292 2
293 2
294 3
295 2
296 2
297 2
298 2
299 2
300 3
301 3
302 2
303 3
304 2
305 2
306 2
307 2
308 2
309 2
310 5
311 5
312 4
313 5
314 5
315 5
316 5
317 5
318 5
319 5
320 0
321 0
322 0
323 0
324 0
325 3
326 3
327 2
328 4
329 4
330 4
331 4
332 4
333 1
334 3
335 1
336 1
337 4
338 3
339 3
340 3
341 3
342 3
343 5
344 5
345 3
346 3
347 3
348 3
349 3
350 3
351 2
352 2
353 2
354 2
355 2
356 2
357 2
358 2
359 2
360 2
361 2
362 2
363 2
364 2
365 2
366 3
367 3
368 3
369 3
370 3
371 3
372 2
373 2
374 2
375 2
376 2
377 2
378 2
379 2
380 3
381 3
382 3
383 3
384 3
385 2
386 2
387 2
388 2
389 5
390 5
391 4
392 5
393 5
394 4
395 5
396 4
397 4
398 5
399 5
400 5
401 5
402 3
403 5
404 5
405 3
406 3
407 3
408 5
409 5
410 5
411 5
412 5
413 5
414 5
415 5
416 5
417 5
418 5
419 5
420 5
421 5
422 5
423 5
424 5
425 5
426 5
427 5
428 5
429 5
430 5
431 5
432 3
433 3
434 3
435 3
436 5
437 4
438 4
439 4
440 4
441 4
442 4
443 4
444 4
445 4
446 4
447 1
448 4
449 1
450 5
451 5
452 1
453 1
454 5
455 3
456 3
457 3
458 3
459 3
460 4
461 4
462 4
463 4
464 4
465 0
466 0
467 0
468 0
469 0
470 1
471 0
472 0
473 1
474 1
475 1
476 3
477 3
478 1
479 1
480 1
481 0
482 4
483 4
484 4
485 4
486 4
487 4
488 0
489 4
490 0
491 2
492 2
493 2
494 2
495 2
496 2
497 1
498 1
499 1
500 1
501 1
502 3
503 3
504 3
505 2
506 0
507 2
508 2
509 0
510 0
511 0
512 2
513 0
514 0
515 0
516 0
517 0
518 0
519 0
520 0
521 0
522 0
523 0
524 0
525 1
526 1
527 1
528 1
529 1
530 3
531 3
532 0
533 1
534 0
535 0
536 0
537 0
538 0
539 0
540 0
541 3
542 3
543 3
544 3
545 2
546 2
547 4
548 4
549 4
550 4
551 1
552 1
553 1
554 1
555 1
556 4
557 4
558 3
559 3
560 3
561 3
562 3
563 3
564 3
565 3
566 3
567 3
568 3
569 3
570 3
571 3
572 5
573 3
574 3
575 3
576 3
577 3
578 3
579 3
580 3
581 2
582 2
583 2
584 4
585 4
586 5
587 5
588 4
589 4
590 5
591 0
592 0
593 0
594 0
595 1
596 1
597 1
598 1
599 3
600 3
601 5
602 5
603 5
604 5
605 5
606 1
607 0
608 0
609 0
610 0
611 0
612 0
613 0
614 0
615 0
616 0
617 4
618 2
619 2
620 2
621 3
622 1
623 1
624 4
625 4
626 0
627 0
628 0
629 0
630 0
631 0
632 0
633 0
634 0
635 1
636 3
637 1
638 0
639 0
640 2
641 2
642 5
643 5
644 4
645 4
646 5
647 5
648 4
649 2
650 2
651 2
652 2
653 2
654 2
655 0
656 2
657 2
658 2
659 4
660 4
661 4
662 4
663 4
664 0
665 0
666 0
667 1
668 1
669 3
670 3
671 1
672 1
673 1
674 1
675 0
676 1
677 0
678 0
679 0
680 0
681 0
682 0
683 0
684 0
685 0
686 1
687 3
688 3
689 3
690 3
691 1
692 2
693 2
694 4
695 4
696 4
697 4
698 4
699 4
700 4
701 1
702 1
703 1
704 1
705 3
706 3
707 1
708 1
709 0
710 4
711 4
712 0
713 0
714 0
715 5
716 5
717 3
718 3
719 3
720 1
721 1
722 4
723 4
724 4
725 5
726 5
727 5
728 5
729 3
730 3
731 3
732 3
733 3
734 3
735 3
736 3
737 3
738 3
739 3
740 5
741 5
742 5
743 5
744 5
745 5
746 5
747 5
748 5
749 5
750 5
751 5
752 5
753 3
754 3
755 3
756 5
757 5
758 5
759 4
760 5
761 5
762 5
763 5
764 2
765 2
766 2
767 2
768 2
769 2
770 2
771 3
772 3
773 3
774 3
775 2
776 2
777 2
778 2
779 2
780 2
781 2
782 2
783 3
784 2
785 3
786 3
787 3
788 3
789 3
790 3
791 2
792 2
793 2
794 2
795 2
796 2
797 2
798 2
799 2
800 2
801 2
802 2
803 2
804 2
805 2
806 2
807 2
808 2
809 2
810 2
811 2
812 2
813 2
814 2
815 2
816 3
817 3
818 3
819 3
820 3
821 3
822 3
823 3
824 3
825 3
826 3
827 3
828 3
829 3
830 3
831 2
832 2
833 2
834 2
835 2
836 2
837 2
838 2
839 2
840 2
841 2
842 2
843 2
844 2
845 2
846 2
847 2
848 2
849 2
850 2
851 2
852 2
853 3
854 3
855 3
856 2
857 3
858 3
859 3
860 3
861 3
862 3
863 3
864 3
865 3
866 3
867 3
868 2
869 2
870 5
871 5
872 5
873 5
874 4
875 5
876 4
877 4
878 4
879 5
880 5
881 5
882 5
883 5
884 5
885 5
886 5
887 5
888 5
889 3
890 3
891 3
892 3
893 3
894 3
895 3
896 3
897 3
898 3
899 3
900 3
901 5
902 5
903 5
904 5
905 5
906 5
907 5
908 5
909 5
910 5
911 5
912 5
913 5
914 5
915 5
916 5
917 5
918 5
919 5
920 5
921 5
922 5
923 5
924 5
925 5
926 5
927 5
928 5
929 3
930 3
931 3
932 3
933 3
934 3
935 3
936 3
937 3
938 3
939 5
940 5
941 5
942 5
943 5
944 5
945 5
946 5
947 5
948 4
949 4
950 4
951 4
952 4
953 4
954 4
955 4
956 4
957 4
958 4
959 4
960 4
961 4
962 4
963 4
964 4
965 4
966 4
967 4
968 4
969 4
970 5
971 1
972 5
973 4
974 1
975 1
976 1
977 1
978 3
979 3
980 3
981 3
982 3
983 3
984 3
985 3
986 5
987 5
988 4
989 4
990 4
991 4
992 4
993 4
994 4
995 4
996 0
997 4
998 4
999 0
1000 0
1001 0
1002 0
1003 0
1004 0
1005 1
1006 1
1007 1
1008 1
1009 0
1010 1
1011 1
1012 1
1013 3
1014 3
1015 3
1016 3
1017 3
1018 3
1019 1
1020 1
1021 1
1022 4
1023 4
1024 4
1025 4
1026 4
1027 4
1028 4
1029 0
1030 0
1031 0
1032 0
1033 4
1034 4
1035 4
1036 4
1037 2
1038 2
1039 0
1040 2
1041 2
1042 2
1043 2
1044 2
1045 2
1046 2
1047 2
1048 1
1049 1
1050 3
1051 3
1052 3
1053 3
1054 3
1055 3
1056 3
1057 3
1058 3
1059 3
1060 3
1061 1
1062 3
1063 1
1064 2
1065 2
1066 0
1067 2
1068 2
1069 0
1070 0
1071 0
1072 0
1073 0
1074 2
1075 2
1076 2
1077 2
1078 2
1079 2
1080 2
1081 2
1082 0
1083 0
1084 2
1085 0
1086 0
1087 0
1088 0
1089 0
1090 0
1091 0
1092 0
1093 0
1094 0
1095 0
1096 0
1097 0
1098 0
1099 0
1100 0
1101 0
1102 0
1103 0
1104 0
1105 0
1106 1
1107 1
1108 1
1109 1
1110 1
1111 3
1112 3
1113 3
1114 3
1115 3
1116 3
1117 1
1118 1
1119 0
1120 1
1121 1
1122 0
1123 0
1124 0
1125 0
1126 0
1127 0
1128 0
1129 2
1130 2
1131 2
1132 5
1133 5
1134 5
1135 4
1136 5
1137 5
1138 4
1139 2
1140 2
1141 2
1142 2
1143 2
1144 0
1145 2
1146 4
1147 4
1148 4
1149 1
1150 1
1151 3
1152 1
1153 1
1154 1
1155 1
1156 1
1157 1
1158 1
1159 1
1160 0
1161 0
1162 0
1163 0
1164 0
1165 0
1166 0
1167 0
1168 1
1169 2
1170 3
1171 3
1172 3
1173 3
1174 1
1175 1
1176 1
1177 2
1178 2
1179 2
1180 2
1181 2
1182 4
1183 4
1184 4
1185 4
1186 4
1187 1
1188 4
1189 4
1190 0
1191 1
1192 1
1193 1
1194 1
1195 1
1196 1
1197 3
1198 1
1199 1
1200 1
1201 4
1202 4
1203 4
1204 5
1205 5
1206 5
1207 3
1208 3
1209 1
1210 1
1211 4
1212 1
1213 4
1214 4
1215 5
1216 3
1217 3
1218 3
1219 3
1220 3
1221 3
1222 3
1223 3
1224 3
1225 3
1226 3
1227 3
1228 3
1229 3
1230 3
1231 3
1232 3
1233 3
1234 3
1235 3
1236 3
1237 3
1238 5
1239 3
1240 5
1241 5
1242 5
1243 5
1244 5
1245 5
1246 5
1247 5
1248 5
1249 5
1250 5
1251 5
1252 5
1253 5
1254 5
1255 5
1256 5
1257 3
1258 3
1259 5
1260 5
1261 5
1262 4
1263 2
1264 2
1265 2
1266 2
1267 2
1268 2
1269 2
1270 2
1271 3
1272 3
1273 3
1274 3
1275 2
1276 2
1277 2
1278 2
1279 2
1280 3
1281 3
1282 2
1283 2
1284 2
1285 2
1286 2
1287 2
1288 2
1289 2
1290 2
1291 2
1292 2
1293 2
1294 2
1295 2
1296 2
1297 2
1298 2
1299 2
1300 2
1301 2
1302 2
1303 3
1304 3
1305 3
1306 3
1307 3
1308 3
1309 3
1310 3
1311 3
1312 3
1313 2
1314 2
1315 2
1316 2
1317 2
1318 3
1319 2
1320 3
1321 3
1322 2
1323 2
1324 2
1325 2
1326 2
1327 2
1328 2
1329 5
1330 5
1331 5
1332 5
1333 5
1334 5
1335 5
1336 3
1337 3
1338 3
1339 5
1340 5
1341 5
1342 5
1343 5
1344 5
1345 5
1346 5
1347 5
1348 5
1349 5
1350 5
1351 5
1352 5
1353 5
1354 5
1355 5
1356 5
1357 5
1358 5
1359 5
1360 4
1361 4
1362 4
1363 4
1364 4
1365 4
1366 4
1367 4
1368 4
1369 4
1370 4
1371 4
1372 4
1373 4
1374 4
1375 4
1376 4
1377 4
1378 4
1379 4
1380 4
1381 4
1382 4
1383 5
1384 1
1385 5
1386 5
1387 5
1388 3
1389 3
1390 3
1391 3
1392 3
1393 4
1394 5
1395 4
1396 4
1397 4
1398 5
1399 4
1400 4
1401 4
1402 4
1403 0
1404 0
1405 0
1406 1
1407 0
1408 1
1409 1
1410 1
1411 1
1412 1
1413 3
1414 3
1415 3
1416 3
1417 1
1418 1
1419 1
1420 1
1421 4
1422 4
1423 4
1424 4
1425 4
1426 4
1427 4
1428 4
1429 4
1430 4
1431 4
1432 4
1433 0
1434 0
1435 0
1436 0
1437 2
1438 2
1439 2
1440 2
1441 2
1442 2
1443 2
1444 2
1445 2
1446 2
1447 2
1448 2
1449 1
1450 1
1451 1
1452 3
1453 3
1454 3
1455 3
1456 3
1457 1
1458 1
1459 2
1460 2
1461 0
1462 0
1463 0
1464 0
1465 0
1466 0
1467 0
1468 0
1469 0
1470 0
1471 0
1472 2
1473 2
1474 2
1475 2
1476 2
1477 2
1478 2
1479 2
1480 0
1481 0
1482 0
1483 0
1484 0
1485 0
1486 0
1487 0
1488 0
1489 0
1490 0
1491 0
1492 0
1493 0
1494 0
1495 0
1496 0
1497 1
1498 1
1499 1
1500 1
1501 1
1502 3
1503 3
1504 3
1505 3
1506 1
1507 1
1508 1
1509 0
1510 1
1511 3
1512 3
1513 2
1514 2
1515 2
1516 2
1517 2
1518 2
1519 5
1520 5
1521 5
1522 4
1523 4
1524 4
1525 4
1526 4
1527 0
1528 0
1529 2
1530 2
1531 2
1532 0
1533 0
1534 0
1535 3
1536 3
1537 2
1538 2
1539 2
1540 2
1541 2
1542 2
1543 2
1544 2
1545 2
1546 2
1547 2
1548 4
1549 4
1550 4
1551 4
1552 4
1553 4
1554 4
1555 4
1556 4
1557 4
1558 4
1559 5
1560 5
1561 5
1562 5
1563 5
1564 5
1565 5
1566 5
1567 5
1568 2
1569 2
1570 2
1571 2
1572 2
1573 2
1574 2
1575 2
1576 2
1577 2
1578 2
1579 2
1580 0
1581 0
1582 0
1583 0
1584 0
1585 0
1586 0
1587 0
1588 0
1589 0
1590 0
1591 0
1592 0
1593 0
1594 0
1595 0
1596 0
1597 1
1598 1
1599 1
1600 1
1601 1
1602 1
1603 0
1604 0
1605 0
1606 0
1607 0
1608 0
1609 0
1610 0
1611 0
1612 0
1613 0
1614 0
1615 0
1616 0
1617 2
1618 0
1619 1
1620 1
1621 2
1622 1
1623 1
1624 1
1625 1
1626 1
1627 2
1628 4
1629 4
1630 4
1631 4
1632 4
1633 4
1634 4
1635 4
1636 4
1637 4
1638 4
1639 4
1640 4
1641 1
1642 1
1643 1
1644 1
1645 1
1646 0
1647 5
1648 3
1649 3
1650 3
1651 5
1652 5
1653 5
1654 5
1655 5
1656 5
1657 1
1658 4
1659 4
1660 5
1661 5
1662 5
1663 5
1664 5
1665 5
1666 5
1667 5
1668 5
1669 5
1670 5
1671 5
1672 5
1673 5
1674 5
1675 5
1676 5
1677 5
1678 5
1679 5
1680 5
1681 5
1682 5
1683 5
1684 5
1685 5
1686 5
1687 5
1688 5
1689 5
1690 5
1691 5
1692 5
1693 5
1694 5
1695 5
1696 2
1697 2
1698 2
1699 2
1700 2
1701 2
1702 2
1703 2
1704 2
1705 2
1706 2
1707 2
1708 2
1709 2
1710 2
1711 2
1712 2
1713 2
1714 2
1715 2
1716 3
1717 3
1718 3
1719 3
1720 3
1721 3
1722 3
1723 2
1724 2
1725 2
1726 2
1727 2
1728 2
1729 2
1730 2
1731 0
1732 0
1733 0
1734 0
1735 1
1736 1
1737 3
1738 3
1739 3
1740 3
1741 3
1742 3
1743 3
1744 3
1745 3
1746 3
1747 3
1748 3
1749 3
1750 1
1751 1
1752 0
1753 0
1754 0
1755 0
1756 0
1757 0
1758 0
1759 0
1760 0
1761 0
1762 0
1763 0
1764 2
1765 2
1766 2
1767 2
1768 0
1769 0
1770 0
1771 2
1772 0
1773 0
1774 0
1775 2
1776 3
1777 3
1778 1
1779 3
1780 3
1781 3
1782 3
1783 3
1784 3
1785 3
1786 3
1787 3
1788 3
1789 3
1790 1
1791 2
1792 2
1793 2
1794 0
1795 4
1796 4
1797 4
1798 4
1799 4
1800 4
1801 4
1802 0
1803 4
1804 3
1805 3
1806 3
1807 3
1808 3
1809 3
1810 3
1811 3
1812 3
1813 3
1814 1
1815 1
1816 1
1817 1
1818 1
1819 1
1820 0
1821 0
1822 4
1823 0
1824 4
1825 4
1826 4
1827 4
1828 1
1829 1
1830 3
1831 3
1832 3
1833 3
1834 3
1835 3
1836 3
1837 3
1838 3
1839 3
1840 3
1841 1
1842 1
1843 4
1844 4
1845 4
1846 4
1847 4
1848 4
1849 4
1850 4
1851 4
1852 4
1853 4
1854 4
1855 4
1856 4
1857 5
1858 5
1859 5
1860 5
1861 5
1862 3
1863 3
1864 3
1865 3
1866 3
1867 3
1868 5
1869 5
1870 5
1871 5
1872 5
1873 5
1874 5
1875 5
1876 5
1877 4
1878 4
1879 4
1880 5
1881 5
1882 5
1883 5
1884 5
1885 5
1886 5
1887 5
1888 5
1889 3
1890 3
1891 3
1892 3
1893 3
1894 3
1895 3
1896 3
1897 3
1898 3
1899 3
1900 5
1901 5
1902 5
1903 5
1904 5
1905 5
1906 4
1907 4
1908 5
1909 2
1910 2
1911 2
1912 3
1913 3
1914 3
1915 3
1916 3
1917 3
1918 3
1919 3
1920 3
1921 3
1922 2
1923 2
1924 2
1925 2
1926 2
1927 2
1928 2
1929 2
1930 2
1931 2
1932 2
1933 2
1934 3
1935 3
1936 3
1937 3
1938 3
1939 3
1940 3
1941 3
1942 3
1943 3
1944 3
1945 3
1946 2
1947 2
1948 2
1949 2
1950 2
1951 2
1952 2
1953 2
1954 2
1955 2
1956 2
1957 2
1958 2
1959 2
1960 2
1961 2
1962 2
1963 2
1964 2
1965 2
1966 2
1967 2
1968 2
1969 2
1970 2
1971 2
1972 2
1973 3
1974 2
1975 2
1976 2
1977 3
1978 3
1979 3
1980 3
1981 3
1982 3
1983 3
1984 3
1985 3
1986 3
1987 3
1988 3
1989 3
1990 3
1991 3
1992 3
1993 3
1994 3
1995 3
1996 3
1997 3
1998 3
1999 3
2000 3
2001 3
2002 3
2003 3
2004 3
2005 2
2006 2
2007 2
2008 2
2009 2
2010 2
2011 2
2012 2
2013 2
2014 2
2015 2
2016 2
2017 2
2018 2
2019 2
2020 2
2021 2
2022 2
2023 2
2024 2
2025 2
2026 2
2027 2
2028 2
2029 2
2030 2
2031 2
2032 2
2033 2
2034 2
2035 2
2036 2
2037 2
2038 2
2039 2
2040 2
2041 2
2042 2
2043 2
2044 2
2045 2
2046 2
2047 2
2048 2
2049 3
2050 3
2051 3
2052 3
2053 3
2054 3
2055 3
2056 3
2057 3
2058 3
2059 3
2060 3
2061 3
2062 3
2063 3
2064 3
2065 3
2066 3
2067 3
2068 3
2069 3
2070 3
2071 3
2072 3
2073 3
2074 3
2075 3
2076 2
2077 2
2078 2
2079 2
2080 2
2081 2
2082 2
2083 2
2084 2
2085 2
2086 2
2087 2
2088 2
2089 2
2090 2
2091 2
2092 2
2093 2
2094 5
2095 5
2096 5
2097 5
2098 5
2099 5
2100 4
2101 5
2102 5
2103 4
2104 4
2105 4
2106 5
2107 5
2108 5
2109 4
2110 4
2111 5
2112 4
2113 4
2114 5
2115 5
2116 4
2117 5
2118 5
2119 5
2120 5
2121 5
2122 5
2123 5
2124 4
2125 5
2126 5
2127 5
2128 5
2129 5
2130 5
2131 5
2132 5
2133 3
2134 3
2135 3
2136 3
2137 3
2138 3
2139 3
2140 3
2141 3
2142 3
2143 3
2144 3
2145 3
2146 3
2147 3
2148 3
2149 3
2150 3
2151 3
2152 3
2153 3
2154 5
2155 5
2156 5
2157 5
2158 5
2159 5
2160 5
2161 5
2162 5
2163 5
2164 5
2165 5
2166 5
2167 5
2168 5
2169 5
2170 5
2171 5
2172 5
2173 5
2174 5
2175 5
2176 5
2177 5
2178 5
2179 5
2180 5
2181 5
2182 5
2183 5
2184 5
2185 5
2186 5
2187 5
2188 5
2189 5
2190 5
2191 5
2192 5
2193 5
2194 5
2195 5
2196 5
2197 5
2198 5
2199 5
2200 5
2201 5
2202 5
2203 5
2204 5
2205 5
2206 5
2207 5
2208 5
2209 5
2210 5
2211 5
2212 5
2213 5
2214 3
2215 3
2216 3
2217 3
2218 3
2219 3
2220 3
2221 3
2222 3
2223 3
2224 3
2225 3
2226 3
2227 3
2228 3
2229 3
2230 3
2231 3
2232 3
2233 5
2234 3
2235 3
2236 5
2237 5
2238 5
2239 5
2240 5
2241 5
2242 5
2243 5
2244 5
2245 5
2246 5
2247 5
2248 5
2249 5
2250 4
2251 4
2252 4
2253 4
2254 4
2255 4
2256 4
2257 4
2258 4
2259 4
2260 4
2261 4
2262 4
2263 4
2264 4
2265 4
2266 4
2267 4
2268 4
2269 4
2270 4
2271 4
2272 4
2273 4
2274 1
2275 1
2276 1
2277 1
2278 1
2279 4
2280 4
2281 1
2282 1
2283 5
2284 1
2285 1
2286 3
2287 1
2288 1
2289 3
2290 3
2291 3
2292 3
2293 3
2294 3
2295 3
2296 3
2297 3
2298 3
2299 3
2300 3
2301 3
2302 3
2303 5
2304 5
2305 5
2306 5
2307 1
2308 4
2309 4
2310 5
2311 4
2312 4
2313 4
2314 4
2315 4
2316 4
2317 4
2318 4
2319 4
2320 4
2321 4
2322 4
2323 4
2324 4
2325 0
2326 4
2327 4
2328 0
2329 0
2330 0
2331 0
2332 0
2333 4
2334 4
2335 4
2336 4
2337 4
2338 4
2339 0
2340 0
2341 0
2342 0
2343 0
2344 0
2345 0
2346 0
2347 0
2348 0
2349 0
2350 0
2351 1
2352 1
2353 1
2354 1
2355 1
2356 1
2357 1
2358 1
2359 1
2360 1
2361 1
2362 1
2363 1
2364 1
2365 1
2366 1
2367 1
2368 1
2369 3
2370 3
2371 3
2372 3
2373 3
2374 3
2375 3
2376 3
2377 3
2378 1
2379 1
2380 1
2381 1
2382 1
2383 1
2384 1
2385 0
2386 0
2387 0
2388 4
2389 0
2390 4
2391 4
2392 4
2393 4
2394 4
2395 4
2396 4
2397 4
2398 4
2399 4
2400 4
2401 4
2402 4
2403 4
2404 4
2405 0
2406 4
2407 4
2408 4
2409 4
2410 4
2411 4
2412 4
2413 4
2414 4
2415 2
2416 2
2417 2
2418 2
2419 0
2420 0
2421 2
2422 2
2423 2
2424 2
2425 2
2426 2
2427 2
2428 2
2429 2
2430 2
2431 2
2432 2
2433 1
2434 2
2435 1
2436 1
2437 1
2438 2
2439 1
2440 3
2441 3
2442 3
2443 3
2444 3
2445 3
2446 3
2447 3
2448 3
2449 3
2450 3
2451 3
2452 3
2453 3
2454 3
2455 3
2456 3
2457 3
2458 1
2459 1
2460 1
2461 1
2462 1
2463 1
2464 1
2465 1
2466 1
2467 2
2468 2
2469 2
2470 2
2471 2
2472 2
2473 2
2474 2
2475 2
2476 0
2477 0
2478 0
2479 0
2480 2
2481 2
2482 2
2483 2
2484 2
2485 2
2486 2
2487 2
2488 0
2489 0
2490 0
2491 0
2492 0
2493 0
2494 0
2495 0
2496 0
2497 0
2498 0
2499 0
2500 0
2501 0
2502 0
2503 0
2504 0
2505 0
2506 0
2507 0
2508 0
2509 0
2510 0
2511 0
2512 0
2513 0
2514 0
2515 0
2516 0
2517 0
2518 0
2519 0
2520 0
2521 0
2522 0
2523 0
2524 0
2525 0
2526 0
2527 0
2528 1
2529 1
2530 1
2531 1
2532 1
2533 1
2534 1
2535 1
2536 1
2537 1
2538 1
2539 3
2540 1
2541 3
2542 3
2543 3
2544 3
2545 3
2546 3
2547 3
2548 3
2549 1
2550 1
2551 1
2552 1
2553 1
2554 1
2555 0
2556 1
2557 0
2558 1
2559 1
2560 0
2561 0
2562 0
2563 1
2564 1
2565 0
2566 0
2567 0
2568 0
2569 2
2570 2
2571 2
2572 2
2573 3
2574 3
2575 1
2576 1
2577 2
2578 1
2579 1
2580 0
2581 0
2582 4
2583 4
2584 0
2585 4
2586 5
2587 5
2588 3
2589 3
2590 4
2591 4
2592 4
2593 4
2594 3
2595 3
2596 3
2597 3
2598 3
2599 3
2600 3
2601 3
2602 3
2603 5
2604 5
2605 5
2606 5
2607 5
2608 5
2609 2
2610 2
2611 2
2612 2
2613 2
2614 2
2615 2
2616 2
2617 2
2618 2
2619 2
2620 2
2621 2
2622 2
2623 2
2624 2
2625 2
2626 2
2627 2
2628 2
2629 2
2630 2
2631 2
2632 2
2633 2
2634 2
2635 2
2636 2
2637 2
2638 2
2639 2
2640 2
2641 2
2642 2
2643 2
2644 2
2645 2
2646 2
2647 2
2648 2
2649 2
2650 2
2651 2
2652 2
2653 2
2654 2
2655 2
2656 2
2657 2
2658 2
2659 2
2660 2
2661 2
2662 2
2663 2
2664 2
2665 3
2666 3
2667 3
2668 3
2669 3
2670 2
2671 2
2672 3
2673 2
2674 3
2675 3
2676 3
2677 3
2678 3
2679 3
2680 3
2681 3
2682 3
2683 3
2684 3
2685 3
2686 3
2687 3
2688 3
2689 3
2690 3
2691 3
2692 3
2693 3
2694 3
2695 3
2696 3
2697 3
2698 3
2699 3
2700 3
2701 3
2702 3
2703 3
2704 3
2705 3
2706 3
2707 3
2708 3
2709 2
2710 2
2711 2
2712 2
2713 2
2714 2
2715 2
2716 2
2717 2
2718 2
2719 2
2720 2
2721 2
2722 2
2723 2
2724 2
2725 2
2726 2
2727 2
2728 2
2729 2
2730 2
2731 2
2732 2
2733 2
2734 2
2735 2
2736 2
2737 2
2738 2
2739 2
2740 2
2741 2
2742 2
2743 2
2744 2
2745 2
2746 2
2747 2
2748 2
2749 2
2750 2
2751 2
2752 2
2753 2
2754 2
2755 2
2756 2
2757 2
2758 2
2759 2
2760 2
2761 2
2762 2
2763 2
2764 2
2765 2
2766 2
2767 2
2768 2
2769 2
2770 2
2771 2
2772 2
2773 2
2774 3
2775 3
2776 3
2777 3
2778 2
2779 2
2780 3
2781 3
2782 3
2783 3
2784 3
2785 3
2786 3
2787 3
2788 3
2789 3
2790 3
2791 3
2792 3
2793 3
2794 3
2795 3
2796 3
2797 3
2798 3
2799 3
2800 3
2801 2
2802 2
2803 2
2804 2
2805 2
2806 2
2807 2
2808 2
2809 2
2810 2
2811 2
2812 2
2813 2
2814 2
2815 2
2816 2
2817 2
2818 2
2819 2
2820 2
2821 2
2822 2
2823 2
2824 2
2825 2
2826 2
2827 2
2828 2
2829 2
2830 5
2831 5
2832 5
2833 5
2834 5
2835 4
2836 4
2837 5
2838 5
2839 5
2840 5
2841 5
2842 5
2843 4
2844 4
2845 4
2846 4
2847 4
2848 4
2849 4
2850 4
2851 4
2852 4
2853 4
2854 5
2855 5
2856 5
2857 5
2858 5
2859 5
2860 5
2861 5
2862 5
2863 4
2864 4
2865 5
2866 5
2867 5
2868 5
2869 5
2870 5
2871 5
2872 5
2873 5
2874 5
2875 3
2876 3
2877 3
2878 5
2879 3
2880 3
2881 5
2882 3
2883 3
2884 3
2885 3
2886 3
2887 3
2888 3
2889 3
2890 3
2891 3
2892 3
2893 3
2894 3
2895 3
2896 3
2897 3
2898 3
2899 3
2900 3
2901 3
2902 3
2903 3
2904 5
2905 5
2906 5
2907 5
2908 5
2909 5
2910 5
2911 5
2912 5
2913 5
2914 5
2915 5
2916 5
2917 5
2918 5
2919 5
2920 5
2921 5
2922 5
2923 5
2924 5
2925 5
2926 5
2927 5
2928 5
2929 5
2930 5
2931 5
2932 5
2933 5
2934 5
2935 5
2936 5
2937 5
2938 5
2939 5
2940 5
2941 5
2942 5
2943 5
2944 5
2945 5
2946 5
2947 5
2948 5
2949 5
2950 5
2951 5
2952 5
2953 5
2954 5
2955 5
2956 5
2957 5
2958 5
2959 5
2960 5
2961 5
2962 5
2963 5
2964 5
2965 5
2966 5
2967 5
2968 5
2969 5
2970 5
2971 5
2972 5
2973 5
2974 5
2975 5
2976 5
2977 5
2978 5
2979 5
2980 5
2981 5
2982 5
2983 5
2984 5
2985 5
2986 5
2987 5
2988 5
2989 5
2990 5
2991 5
2992 5
2993 5
2994 5
2995 5
2996 5
2997 5
2998 5
2999 3
3000 3
3001 3
3002 3
3003 3
3004 3
3005 3
3006 3
3007 3
3008 3
3009 3
3010 3
3011 3
3012 3
3013 3
3014 3
3015 5
3016 5
3017 5
3018 5
3019 5
3020 5
3021 5
3022 5
3023 5
3024 5
3025 5
3026 5
3027 5
3028 5
3029 5
3030 5
3031 5
3032 5
3033 5
3034 4
3035 4
3036 4
3037 4
3038 4
3039 4
3040 4
3041 4
3042 4
3043 4
3044 4
3045 4
3046 4
3047 4
3048 4
3049 4
3050 4
3051 4
3052 4
3053 4
3054 4
3055 4
3056 4
3057 4
3058 4
3059 4
3060 4
3061 4
3062 4
3063 4
3064 4
3065 4
3066 4
3067 4
3068 4
3069 4
3070 4
3071 4
3072 4
3073 4
3074 4
3075 4
3076 4
3077 4
3078 4
3079 4
3080 4
3081 4
3082 4
3083 4
3084 4
3085 4
3086 4
3087 4
3088 4
3089 4
3090 5
3091 5
3092 1
3093 5
3094 1
3095 5
3096 1
3097 1
3098 4
3099 4
3100 4
3101 4
3102 1
3103 1
3104 1
3105 1
3106 1
3107 1
3108 1
3109 5
3110 3
3111 3
3112 5
3113 3
3114 3
3115 3
3116 3
3117 3
3118 3
3119 3
3120 3
3121 3
3122 3
3123 3
3124 3
3125 3
3126 3
3127 3
3128 3
3129 3
3130 3
3131 3
3132 3
3133 3
3134 3
3135 3
3136 3
3137 3
3138 3
3139 3
3140 5
3141 5
3142 5
3143 5
3144 5
3145 5
3146 5
3147 5
3148 5
3149 5
3150 5
3151 5
3152 5
3153 5
3154 5
3155 4
3156 4
3157 4
3158 4
3159 4
3160 4
3161 4
3162 4
3163 4
3164 4
3165 4
3166 4
3167 4
3168 4
3169 4
3170 4
3171 4
3172 4
3173 4
3174 4
3175 4
3176 4
3177 0
3178 4
3179 0
3180 4
3181 4
3182 0
3183 0
3184 0
3185 0
3186 0
3187 0
3188 0
3189 0
3190 4
3191 0
3192 0
3193 0
3194 0
3195 0
3196 0
3197 0
3198 0
3199 0
3200 4
3201 0
3202 0
3203 0
3204 0
3205 0
3206 0
3207 0
3208 0
3209 0
3210 0
3211 0
3212 0
3213 0
3214 0
3215 0
3216 0
3217 0
3218 0
3219 0
3220 0
3221 0
3222 0
3223 0
3224 0
3225 0
3226 0
3227 0
3228 0
3229 0
3230 0
3231 0
3232 1
3233 1
3234 1
3235 1
3236 1
3237 4
3238 4
3239 1
3240 1
3241 1
3242 1
3243 0
3244 1
3245 1
3246 1
3247 1
3248 1
3249 1
3250 1
3251 1
3252 1
3253 1
3254 1
3255 1
3256 1
3257 3
3258 3
3259 3
3260 3
3261 3
3262 3
3263 3
3264 3
3265 3
3266 3
3267 3
3268 3
3269 3
3270 3
3271 3
3272 3
3273 3
3274 3
3275 3
3276 3
3277 3
3278 3
3279 3
3280 3
3281 1
3282 1
3283 1
3284 1
3285 1
3286 1
3287 1
3288 1
3289 1
3290 1
3291 1
3292 1
3293 1
3294 0
3295 0
3296 4
3297 4
3298 4
3299 4
3300 4
3301 4
3302 4
3303 4
3304 4
3305 4
3306 4
3307 4
3308 4
3309 4
3310 4
3311 4
3312 4
3313 4
3314 4
3315 4
3316 4
3317 4
3318 4
3319 4
3320 4
3321 4
3322 4
3323 4
3324 4
3325 4
3326 4
3327 4
3328 4
3329 4
3330 4
3331 0
3332 0
3333 0
3334 0
3335 0
3336 0
3337 4
3338 0
3339 0
3340 4
3341 4
3342 4
3343 4
3344 4
3345 4
3346 4
3347 2
3348 2
3349 2
3350 2
3351 2
3352 2
3353 2
3354 2
3355 2
3356 2
3357 0
3358 2
3359 2
3360 2
3361 2
3362 2
3363 2
3364 2
3365 2
3366 2
3367 2
3368 2
3369 2
3370 2
3371 2
3372 2
3373 2
3374 2
3375 2
3376 2
3377 1
3378 1
3379 1
3380 2
3381 2
3382 3
3383 3
3384 1
3385 3
3386 3
3387 3
3388 3
3389 3
3390 3
3391 3
3392 3
3393 3
3394 3
3395 3
3396 3
3397 3
3398 3
3399 3
3400 3
3401 3
3402 3
3403 3
3404 3
3405 3
3406 3
3407 3
3408 3
3409 3
3410 3
3411 3
3412 3
3413 3
3414 3
3415 3
3416 1
3417 1
3418 1
3419 1
3420 1
3421 1
3422 1
3423 1
3424 1
3425 1
3426 1
3427 1
3428 1
3429 2
3430 1
3431 2
3432 2
3433 1
3434 2
3435 2
3436 2
3437 2
3438 2
3439 2
3440 0
3441 2
3442 0
3443 2
3444 2
3445 2
3446 2
3447 2
3448 2
3449 2
3450 0
3451 0
3452 0
3453 0
3454 0
3455 0
3456 0
3457 0
3458 0
3459 0
3460 0
3461 0
3462 0
3463 2
3464 2
3465 2
3466 2
3467 0
3468 2
3469 2
3470 2
3471 2
3472 0
3473 2
3474 0
3475 2
3476 0
3477 0
3478 2
3479 2
3480 2
3481 2
3482 0
3483 0
3484 0
3485 0
3486 0
3487 0
3488 0
3489 0
3490 0
3491 0
3492 0
3493 0
3494 0
3495 0
3496 0
3497 0
3498 0
3499 0
3500 0
3501 0
3502 0
3503 0
3504 0
3505 0
3506 0
3507 0
3508 0
3509 0
3510 0
3511 0
3512 0
3513 0
3514 0
3515 0
3516 0
3517 0
3518 0
3519 0
3520 0
3521 0
3522 0
3523 0
3524 0
3525 0
3526 0
3527 0
3528 0
3529 0
3530 0
3531 0
3532 0
3533 0
3534 0
3535 0
3536 0
3537 0
3538 0
3539 0
3540 0
3541 1
3542 1
3543 1
3544 1
3545 1
3546 1
3547 1
3548 1
3549 1
3550 1
3551 1
3552 1
3553 1
3554 1
3555 1
3556 1
3557 3
3558 3
3559 3
3560 3
3561 3
3562 3
3563 3
3564 3
3565 3
3566 3
3567 3
3568 3
3569 3
3570 3
3571 3
3572 3
3573 3
3574 3
3575 3
3576 3
3577 1
3578 1
3579 1
3580 1
3581 1
3582 1
3583 1
3584 1
3585 1
3586 1
3587 1
3588 1
3589 1
3590 0
3591 1
3592 0
3593 1
3594 0
3595 1
3596 0
3597 0
3598 0
3599 0
3600 0
3601 0
3602 0
3603 0
3604 0
3605 0
3606 0
3607 0
3608 0
3609 0
3610 0
3611 0
3612 0
3613 0
3614 0
3615 0
3616 0
3617 0
3618 0
3619 0
3620 0
3621 0
3622 0
3623 2
3624 2
3625 2
3626 2
3627 2
3628 3
3629 3
3630 2
3631 2
3632 0
3633 0
3634 4
3635 5
3636 5
3637 3
3638 4
3639 4
3640 4
3641 4
3642 4
3643 3
3644 3
3645 3
3646 3
3647 3
3648 3
3649 3
3650 3
3651 3
3652 3
3653 3
3654 3
3655 3
3656 3
3657 3
3658 3
3659 3
3660 3
3661 3
3662 3
3663 3
3664 3
3665 3
3666 5
3667 5
3668 2
3669 2
3670 2
3671 2
3672 2
3673 2
3674 2
3675 2
3676 2
3677 2
3678 2
3679 2
3680 2
3681 2
3682 2
3683 2
3684 2
3685 2
3686 2
3687 3
3688 3
3689 3
3690 3
3691 3
3692 3
3693 2
3694 2
3695 2
3696 2
3697 2
3698 2
3699 2
3700 2
3701 2
3702 2
3703 2
3704 2
3705 2
3706 2
3707 2
3708 2
3709 2
3710 2
3711 2
3712 2
3713 2
3714 2
3715 2
3716 2
3717 3
3718 3
3719 3
3720 2
3721 2
3722 5
3723 4
3724 4
3725 4
3726 4
3727 4
3728 4
3729 5
3730 5
3731 5
3732 5
3733 5
3734 5
3735 5
3736 5
3737 5
3738 5
3739 3
3740 5
3741 5
3742 5
3743 5
3744 5
3745 5
3746 5
3747 5
3748 5
3749 5
3750 5
3751 5
3752 5
3753 5
3754 5
3755 5
3756 5
3757 5
3758 3
3759 5
3760 4
3761 4
3762 4
3763 4
3764 4
3765 4
3766 4
3767 4
3768 5
3769 5
3770 5
3771 5
3772 1
3773 1
3774 1
3775 5
3776 3
3777 3
3778 3
3779 5
3780 5
3781 5
3782 5
3783 4
3784 4
3785 4
3786 4
3787 4
3788 4
3789 4
3790 4
3791 4
3792 4
3793 4
3794 0
3795 0
3796 0
3797 0
3798 0
3799 0
3800 0
3801 4
3802 4
3803 1
3804 1
3805 1
3806 1
3807 1
3808 1
3809 1
3810 4
3811 4
3812 4
3813 4
3814 2
3815 2
3816 2
3817 2
3818 2
3819 2
3820 2
3821 2
3822 2
3823 2
3824 2
3825 2
3826 1
3827 1
3828 3
3829 3
3830 1
3831 1
3832 1
3833 2
3834 2
3835 2
3836 0
3837 0
3838 0
3839 0
3840 0
3841 0
3842 0
3843 0
3844 0
3845 0
3846 0
3847 0
3848 0
3849 0
3850 0
3851 0
3852 1
3853 1
3854 0
3855 0
3856 0
3857 0
3858 0
3859 0
3860 0
3861 0
3862 0
3863 0
3864 0
3865 0
3866 0
3867 2
3868 2
3869 2
3870 2
3871 4
3872 4
3873 3
3874 3
3875 2
3876 2
3877 2
3878 2
3879 2
3880 2
3881 2
3882 2
3883 2
3884 2
3885 2
3886 2
3887 2
3888 2
3889 4
3890 5
3891 5
3892 5
3893 5
3894 5
3895 5
3896 5
3897 5
3898 5
3899 5
3900 4
3901 4
3902 4
3903 4
3904 5
3905 1
3906 4
3907 0
3908 0
3909 1
3910 1
3911 4
3912 4
3913 4
3914 2
3915 2
3916 0
3917 0
3918 0
3919 0
3920 0
3921 0
3922 0
3923 4
3924 4
3925 4
3926 4
3927 4
3928 0
3929 0
3930 0
3931 0
3932 0
3933 0
3934 0
3935 4
3936 4
3937 4
3938 4
3939 4
3940 0
3941 0
3942 0
3943 0
3944 0
3945 0
3946 0
3947 0
3948 0
3949 0
3950 0
3951 0
3952 0
3953 0
3954 0
3955 0
3956 0
3957 0
3958 0
3959 0
3960 0
3961 0
3962 0
3963 0
3964 0
3965 4
3966 4
3967 4
3968 4
3969 4
3970 4
3971 4
3972 4
3973 4
3974 4
3975 4
3976 4
3977 4
3978 4
3979 4
3980 4
3981 4
3982 4
3983 4
3984 4
3985 0
3986 0
3987 0
3988 0
3989 0
3990 4
3991 4
3992 4
3993 4
3994 4
3995 0
3996 0
3997 0
3998 0
3999 0
4000 0
4001 0
4002 0
4003 0
4004 0
4005 0
4006 0
4007 0
4008 0
4009 0
4010 0
4011 0
4012 0
4013 0
4014 0
4015 4
4016 4
4017 4
4018 4
4019 4
4020 4
4021 4
4022 4
4023 4
4024 4
4025 4
4026 4
4027 4
4028 4
4029 4
4030 4
4031 4
4032 4
4033 1
4034 1
4035 1
4036 1
4037 1
4038 1
4039 1
4040 1
4041 1
4042 0
4043 1
4044 1
4045 1
4046 1
4047 1
4048 1
4049 1
4050 1
4051 1
4052 1
4053 1
4054 1
4055 1
4056 0
4057 5
4058 5
4059 5
4060 5
4061 5
4062 5
4063 5
4064 5
4065 5
4066 5
4067 5
4068 5
4069 5
4070 5
4071 5
4072 5
4073 5
4074 5
4075 5
4076 5
4077 5
4078 5
4079 5
4080 5
4081 5
4082 5
4083 5
4084 5
4085 5
4086 5
4087 5
4088 5
4089 5
4090 5
4091 5
4092 2
4093 2
4094 2
4095 2
4096 2
4097 2
4098 2
4099 2
4100 2
4101 2
4102 2
4103 2
4104 2
4105 2
4106 2
4107 2
4108 2
4109 2
4110 2
4111 2
4112 2
4113 2
4114 2
4115 2
4116 2
4117 2
4118 2
4119 2
4120 2
4121 2
4122 2
4123 2
4124 2
4125 2
4126 2
4127 2
4128 2
4129 2
4130 2
4131 2
4132 2
4133 2
4134 2
4135 2
4136 2
4137 2
4138 2
4139 2
4140 2
4141 2
4142 2
4143 2
4144 2
4145 2
4146 2
4147 3
4148 3
4149 3
4150 3
4151 3
4152 3
4153 3
4154 3
4155 3
4156 2
4157 2
4158 2
4159 2
4160 2
4161 2
4162 2
4163 2
4164 2
4165 2
4166 2
4167 2
4168 2
4169 2
4170 2
4171 2
4172 2
4173 2
4174 2
4175 2
4176 0
4177 0
4178 0
4179 0
4180 0
4181 0
4182 0
4183 0
4184 0
4185 2
4186 0
4187 0
4188 0
4189 0
4190 0
4191 0
4192 0
4193 0
4194 0
4195 0
4196 0
4197 0
4198 0
4199 0
4200 2
4201 1
4202 1
4203 1
4204 1
4205 1
4206 1
4207 1
4208 1
4209 1
4210 1
4211 1
4212 1
4213 1
4214 1
4215 1
4216 1
4217 1
4218 1
4219 1
4220 1
4221 1
4222 1
4223 1
4224 1
4225 1
4226 1
4227 3
4228 3
4229 1
4230 1
4231 1
4232 1
4233 1
4234 1
4235 1
4236 1
4237 1
4238 1
4239 1
4240 1
4241 1
4242 1
4243 1
4244 1
4245 1
4246 1
4247 1
4248 1
4249 1
4250 1
4251 1
4252 1
4253 1
4254 1
4255 1
4256 1
4257 1
4258 1
4259 1
4260 4
4261 4
4262 4
4263 4
4264 4
4265 4
4266 4
4267 4
4268 4
4269 4
4270 4
4271 4
4272 4
4273 4
4274 4
4275 4
4276 4
4277 4
4278 4
4279 4
4280 4
4281 4
4282 4
4283 5
4284 5
4285 5
4286 5
4287 5
4288 4
4289 4
4290 4
4291 4
4292 4
4293 4
4294 4
4295 5
4296 5
4297 5
4298 4
4299 4
4300 4
4301 4
4302 5
4303 3
4304 3
4305 1
4306 5
4307 4
4308 5
4309 5
4310 5
4311 5
4312 5
4313 5
4314 5
4315 5
4316 5
4317 5
4318 5
4319 5
4320 5
4321 5
4322 5
4323 5
4324 5
4325 5
4326 5
4327 5
4328 5
4329 5
4330 5
4331 5
4332 5
4333 5
4334 5
4335 5
4336 5
4337 5
4338 5
4339 5
4340 5
4341 5
4342 5
4343 5
4344 5
4345 5
4346 5
4347 5
4348 5
4349 5
4350 5
4351 5
4352 5
4353 5
4354 5
4355 5
4356 2
4357 2
4358 2
4359 2
4360 2
4361 2
4362 2
4363 2
4364 2
4365 2
4366 2
4367 2
4368 2
4369 2
4370 2
4371 2
4372 3
4373 3
4374 3
4375 3
4376 3
4377 3
4378 3
4379 3
4380 2
4381 2
4382 2
4383 2
4384 3
4385 3
4386 3
4387 3
4388 3
4389 3
4390 3
4391 3
4392 3
4393 3
4394 3
4395 2
4396 2
4397 2
4398 3
4399 3
4400 3
4401 3
4402 0
4403 0
4404 0
4405 0
4406 0
4407 0
4408 1
4409 1
4410 1
4411 1
4412 1
4413 1
4414 1
4415 1
4416 1
4417 1
4418 3
4419 3
4420 3
4421 3
4422 3
4423 3
4424 1
4425 3
4426 1
4427 1
4428 3
4429 3
4430 3
4431 3
4432 3
4433 3
4434 3
4435 3
4436 3
4437 3
4438 3
4439 3
4440 0
4441 0
4442 0
4443 0
4444 0
4445 0
4446 0
4447 0
4448 0
4449 0
4450 0
4451 2
4452 2
4453 2
4454 2
4455 2
4456 2
4457 2
4458 2
4459 0
4460 2
4461 2
4462 2
4463 2
4464 0
4465 2
4466 2
4467 2
4468 2
4469 3
4470 3
4471 3
4472 3
4473 3
4474 3
4475 3
4476 3
4477 3
4478 3
4479 3
4480 3
4481 3
4482 3
4483 3
4484 3
4485 3
4486 3
4487 3
4488 3
4489 3
4490 3
4491 3
4492 3
4493 1
4494 2
4495 2
4496 0
4497 0
4498 0
4499 0
4500 0
4501 0
4502 0
4503 0
4504 0
4505 0
4506 0
4507 0
4508 0
4509 4
4510 0
4511 3
4512 3
4513 3
4514 3
4515 3
4516 3
4517 3
4518 3
4519 3
4520 1
4521 3
4522 1
4523 1
4524 1
4525 1
4526 3
4527 3
4528 1
4529 1
4530 1
4531 0
4532 0
4533 0
4534 0
4535 4
4536 4
4537 5
4538 5
4539 1
4540 1
4541 1
4542 5
4543 5
4544 5
4545 5
4546 5
4547 5
4548 5
4549 5
4550 5
4551 5
4552 5
4553 1
4554 5
4555 3
4556 3
4557 3
4558 3
4559 3
4560 3
4561 3
4562 3
4563 3
4564 3
4565 3
4566 3
4567 3
4568 3
4569 3
4570 3
4571 3
4572 3
4573 3
4574 3
4575 1
4576 4
4577 4
4578 4
4579 4
4580 4
4581 4
4582 4
4583 4
4584 4
4585 4
4586 4
4587 4
4588 4
4589 4
4590 4
4591 4
4592 4
4593 5
4594 5
4595 5
4596 5
4597 5
4598 3
4599 3
4600 3
4601 3
4602 3
4603 3
4604 3
4605 3
4606 3
4607 3
4608 3
4609 3
4610 3
4611 3
4612 3
4613 3
4614 3
4615 5
4616 5
4617 5
4618 5
4619 5
4620 5
4621 5
4622 5
4623 5
4624 5
4625 5
4626 3
4627 3
4628 3
4629 3
4630 3
4631 3
4632 3
4633 3
4634 3
4635 3
4636 3
4637 3
4638 3
4639 3
4640 3
4641 3
4642 5
4643 5
4644 2
4645 3
4646 3
4647 3
4648 3
4649 3
4650 3
4651 3
4652 3
4653 3
4654 3
4655 3
4656 3
4657 3
4658 3
4659 3
4660 3
4661 2
4662 2
4663 2
4664 2
4665 3
4666 2
4667 2
4668 2
4669 2
4670 2
4671 2
4672 2
4673 3
4674 3
4675 3
4676 3
4677 3
4678 3
4679 3
4680 3
4681 3
4682 3
4683 3
4684 3
4685 3
4686 3
4687 3
4688 3
4689 3
4690 3
4691 2
4692 2
4693 2
4694 2
4695 2
4696 2
4697 2
4698 2
4699 2
4700 2
4701 2
4702 2
4703 2
4704 0
4705 0
4706 0
4707 0
4708 0
4709 1
4710 0
4711 0
4712 1
4713 1
4714 3
4715 3
4716 3
4717 3
4718 3
4719 3
4720 3
4721 1
4722 1
4723 1
4724 1
4725 0
4726 0
4727 0
4728 0
4729 0
4730 0
4731 0
4732 0
4733 0
4734 0
4735 0
4736 0
4737 0
4738 0
4739 0
4740 0
4741 0
4742 0
4743 0
4744 0
4745 0
4746 0
4747 0
4748 0
4749 0
4750 0
4751 0
4752 0
4753 0
4754 2
4755 2
4756 2
4757 2
4758 2
4759 2
4760 2
4761 2
4762 2
4763 2
4764 2
4765 2
4766 2
4767 2
4768 2
4769 2
4770 2
4771 2
4772 0
4773 0
4774 0
4775 2
4776 2
4777 0
4778 0
4779 2
4780 0
4781 1
4782 1
4783 1
4784 1
4785 3
4786 3
4787 3
4788 3
4789 3
4790 3
4791 3
4792 3
4793 3
4794 3
4795 3
4796 3
4797 1
4798 1
4799 2
4800 2
4801 2
4802 2
4803 2
4804 2
4805 2
4806 2
4807 2
4808 2
4809 2
4810 2
4811 2
4812 2
4813 2
4814 2
4815 4
4816 4
4817 4
4818 4
4819 4
4820 4
4821 4
4822 4
4823 4
4824 4
4825 0
4826 0
4827 0
4828 4
4829 4
4830 4
4831 4
4832 4
4833 4
4834 4
4835 4
4836 4
4837 4
4838 4
4839 0
4840 4
4841 0
4842 4
4843 1
4844 1
4845 1
4846 1
4847 3
4848 3
4849 3
4850 3
4851 3
4852 3
4853 3
4854 1
4855 1
4856 0
4857 0
4858 1
4859 1
4860 1
4861 0
4862 1
4863 4
4864 4
4865 4
4866 4
4867 4
4868 4
4869 4
4870 4
4871 4
4872 4
4873 4
4874 4
4875 4
4876 4
4877 4
4878 4
4879 4
4880 4
4881 4
4882 4
4883 4
4884 4
4885 5
4886 5
4887 1
4888 5
4889 5
4890 5
4891 3
4892 3
4893 3
4894 3
4895 3
4896 3
4897 3
4898 3
4899 3
4900 1
4901 1
4902 1
4903 1
4904 1
4905 1
4906 1
4907 1
4908 4
4909 4
4910 4
4911 4
4912 4
4913 4
4914 4
4915 4
4916 4
4917 4
4918 4
4919 4
4920 4
4921 4
4922 4
4923 4
4924 4
4925 4
4926 4
4927 4
4928 4
4929 4
4930 4
4931 4
4932 4
4933 4
4934 4
4935 4
4936 4
4937 5
4938 5
4939 5
4940 5
4941 5
4942 5
4943 5
4944 5
4945 5
4946 5
4947 5
4948 5
4949 5
4950 5
4951 5
4952 5
4953 3
4954 3
4955 3
4956 3
4957 3
4958 3
4959 3
4960 3
4961 3
4962 3
4963 5
4964 5
4965 5
4966 5
4967 5
4968 5
4969 5
4970 5
4971 5
4972 5
4973 5
4974 5
4975 5
4976 5
4977 5
4978 5
4979 5
4980 5
4981 5
4982 5
4983 5
4984 4
4985 4
4986 5
4987 5
4988 5
4989 5
4990 5
4991 5
4992 5
4993 5
4994 5
4995 5
4996 5
4997 5
4998 5
4999 5
5000 5
5001 5
5002 5
5003 5
5004 5
5005 5
5006 5
5007 5
5008 5
5009 5
5010 5
5011 5
5012 5
5013 5
5014 5
5015 3
5016 3
5017 3
5018 3
5019 3
5020 3
5021 3
5022 5
5023 5
5024 5
5025 5
5026 5
5027 5
5028 5
5029 5
5030 5
5031 5
5032 5
5033 5
5034 5
5035 5
5036 5
5037 5
5038 5
5039 4
5040 4
5041 5
5042 5
5043 5
5044 4
5045 4
5046 4
5047 4
5048 4
5049 4
5050 4
5051 4
5052 4
5053 5
5054 5
5055 4
5056 4
5057 4
5058 5
5059 5
5060 4
5061 5
5062 5
5063 5
5064 2
5065 2
5066 2
5067 2
5068 2
5069 2
5070 2
5071 2
5072 3
5073 3
5074 3
5075 3
5076 3
5077 3
5078 3
5079 3
5080 3
5081 3
5082 3
5083 3
5084 3
5085 3
5086 3
5087 3
5088 2
5089 2
5090 2
5091 2
5092 2
5093 2
5094 2
5095 2
5096 2
5097 2
5098 2
5099 2
5100 2
5101 2
5102 2
5103 2
5104 2
5105 2
5106 2
5107 2
5108 2
5109 2
5110 2
5111 2
5112 2
5113 2
5114 2
5115 2
5116 2
5117 2
5118 2
5119 2
5120 2
5121 2
5122 0
5123 0
5124 0
5125 0
5126 0
5127 1
5128 0
5129 0
5130 0
5131 1
5132 1
5133 1
5134 1
5135 3
5136 3
5137 3
5138 3
5139 3
5140 3
5141 3
5142 3
5143 3
5144 3
5145 3
5146 1
5147 1
5148 1
5149 1
5150 1
5151 1
5152 1
5153 1
5154 0
5155 0
5156 0
5157 0
5158 0
5159 0
5160 0
5161 0
5162 0
5163 0
5164 0
5165 0
5166 0
5167 0
5168 0
5169 0
5170 0
5171 0
5172 2
5173 2
5174 0
5175 0
5176 2
5177 1
5178 1
5179 1
5180 1
5181 1
5182 1
5183 1
5184 3
5185 3
5186 3
5187 3
5188 3
5189 3
5190 3
5191 3
5192 3
5193 3
5194 3
5195 3
5196 1
5197 1
5198 2
5199 2
5200 2
5201 2
5202 2
5203 2
5204 2
5205 2
5206 2
5207 2
5208 0
5209 4
5210 4
5211 4
5212 4
5213 4
5214 4
5215 4
5216 4
5217 0
5218 4
5219 4
5220 4
5221 4
5222 1
5223 1
5224 1
5225 3
5226 3
5227 3
5228 3
5229 3
5230 3
5231 3
5232 3
5233 3
5234 3
5235 3
5236 1
5237 1
5238 1
5239 1
5240 1
5241 1
5242 1
5243 1
5244 0
5245 0
5246 1
5247 4
5248 4
5249 4
5250 5
5251 5
5252 5
5253 4
5254 4
5255 3
5256 3
5257 3
5258 3
5259 3
5260 3
5261 3
5262 1
5263 5
5264 5
5265 5
5266 5
5267 5
5268 5
5269 1
5270 1
5271 1
5272 4
5273 4
5274 4
5275 4
5276 3
5277 3
5278 3
5279 3
5280 3
5281 3
5282 3
5283 5
5284 5
5285 5
5286 5
5287 5
5288 5
5289 5
5290 5
5291 5
5292 5
5293 5
5294 5
5295 5
5296 5
5297 5
5298 5
5299 5
5300 5
5301 5
5302 5
5303 5
5304 5
5305 5
5306 5
5307 3
5308 3
5309 3
5310 3
5311 3
5312 3
5313 3
5314 3
5315 3
5316 3
5317 5
5318 5
5319 5
5320 5
5321 5
5322 5
5323 5
5324 5
5325 5
5326 5
5327 5
5328 5
5329 2
5330 2
5331 2
5332 2
5333 2
5334 2
5335 2
5336 3
5337 3
5338 3
5339 3
5340 3
5341 3
5342 2
5343 2
5344 2
5345 2
5346 2
5347 2
5348 2
5349 2
5350 2
5351 2
5352 2
5353 2
5354 2
5355 3
5356 3
5357 3
5358 3
5359 3
5360 3
5361 3
5362 3
5363 3
5364 3
5365 3
5366 3
5367 3
5368 3
5369 3
5370 3
5371 3
5372 3
5373 3
5374 3
5375 3
5376 2
5377 2
5378 2
5379 2
5380 2
5381 2
5382 2
5383 2
5384 2
5385 2
5386 2
5387 2
5388 2
5389 2
5390 2
5391 2
5392 2
5393 2
5394 2
5395 2
5396 2
5397 2
5398 2
5399 2
5400 2
5401 2
5402 2
5403 2
5404 2
5405 2
5406 2
5407 2
5408 2
5409 2
5410 2
5411 2
5412 2
5413 2
5414 2
5415 2
5416 2
5417 2
5418 2
5419 2
5420 2
5421 2
5422 2
5423 2
5424 2
5425 2
5426 2
5427 2
5428 2
5429 2
5430 2
5431 2
5432 2
5433 2
5434 2
5435 2
5436 2
5437 2
5438 2
5439 2
5440 2
5441 2
5442 2
5443 2
5444 2
5445 2
5446 2
5447 2
5448 2
5449 2
5450 2
5451 2
5452 2
5453 2
5454 2
5455 2
5456 2
5457 2
5458 2
5459 2
5460 2
5461 2
5462 2
5463 2
5464 2
5465 2
5466 2
5467 2
5468 2
5469 2
5470 2
5471 2
5472 2
5473 2
5474 2
5475 2
5476 2
5477 2
5478 2
5479 2
5480 2
5481 2
5482 2
5483 2
5484 2
5485 2
5486 2
5487 2
5488 2
5489 2
5490 2
5491 2
5492 2
5493 2
5494 2
5495 2
5496 2
5497 2
5498 2
5499 2
5500 2
5501 2
5502 2
5503 3
5504 3
5505 3
5506 3
5507 3
5508 2
5509 2
5510 2
5511 2
5512 2
5513 3
5514 3
5515 3
5516 3
5517 3
5518 3
5519 3
5520 3
5521 3
5522 3
5523 3
5524 3
5525 3
5526 3
5527 3
5528 3
5529 3
5530 3
5531 3
5532 3
5533 3
5534 3
5535 3
5536 3
5537 3
5538 3
5539 3
5540 3
5541 3
5542 3
5543 3
5544 3
5545 3
5546 3
5547 3
5548 3
5549 3
5550 3
5551 3
5552 3
5553 3
5554 3
5555 3
5556 3
5557 3
5558 3
5559 3
5560 3
5561 3
5562 3
5563 3
5564 3
5565 3
5566 3
5567 3
5568 3
5569 3
5570 3
5571 3
5572 3
5573 3
5574 3
5575 3
5576 3
5577 3
5578 3
5579 3
5580 3
5581 3
5582 3
5583 3
5584 3
5585 3
5586 3
5587 3
5588 3
5589 3
5590 3
5591 3
5592 3
5593 3
5594 3
5595 3
5596 3
5597 3
5598 3
5599 3
5600 3
5601 3
5602 3
5603 2
5604 2
5605 2
5606 2
5607 2
5608 2
5609 2
5610 2
5611 2
5612 2
5613 2
5614 2
5615 2
5616 2
5617 2
5618 2
5619 2
5620 2
5621 2
5622 2
5623 2
5624 2
5625 2
5626 2
5627 2
5628 2
5629 2
5630 2
5631 2
5632 2
5633 2
5634 2
5635 2
5636 2
5637 2
5638 2
5639 2
5640 2
5641 2
5642 2
5643 2
5644 2
5645 2
5646 2
5647 2
5648 2
5649 2
5650 2
5651 2
5652 2
5653 2
5654 2
5655 2
5656 2
5657 2
5658 2
5659 2
5660 2
5661 2
5662 2
5663 2
5664 2
5665 2
5666 2
5667 2
5668 2
5669 2
5670 2
5671 2
5672 2
5673 2
5674 2
5675 2
5676 2
5677 2
5678 2
5679 2
5680 2
5681 2
5682 2
5683 2
5684 2
5685 2
5686 2
5687 2
5688 2
5689 2
5690 2
5691 2
5692 2
5693 2
5694 2
5695 2
5696 2
5697 2
5698 2
5699 2
5700 2
5701 2
5702 2
5703 2
5704 2
5705 2
5706 2
5707 2
5708 2
5709 2
5710 2
5711 2
5712 2
5713 2
5714 2
5715 2
5716 2
5717 2
5718 2
5719 2
5720 2
5721 2
5722 2
5723 2
5724 2
5725 2
5726 2
5727 3
5728 3
5729 3
5730 3
5731 3
5732 3
5733 3
5734 3
5735 3
5736 3
5737 3
5738 3
5739 3
5740 3
5741 3
5742 3
5743 3
5744 3
5745 3
5746 3
5747 3
5748 3
5749 3
5750 3
5751 3
5752 3
5753 3
5754 3
5755 3
5756 3
5757 3
5758 3
5759 3
5760 3
5761 3
5762 3
5763 3
5764 3
5765 3
5766 3
5767 3
5768 3
5769 3
5770 3
5771 3
5772 3
5773 3
5774 3
5775 3
5776 3
5777 3
5778 3
5779 3
5780 3
5781 3
5782 3
5783 3
5784 3
5785 3
5786 3
5787 3
5788 3
5789 3
5790 3
5791 3
5792 3
5793 3
5794 3
5795 3
5796 2
5797 2
5798 3
5799 2
5800 2
5801 2
5802 2
5803 2
5804 2
5805 2
5806 3
5807 3
5808 2
5809 2
5810 2
5811 2
5812 2
5813 2
5814 2
5815 2
5816 2
5817 2
5818 2
5819 2
5820 2
5821 2
5822 2
5823 2
5824 2
5825 2
5826 2
5827 2
5828 2
5829 2
5830 2
5831 2
5832 2
5833 2
5834 2
5835 2
5836 2
5837 2
5838 2
5839 2
5840 2
5841 2
5842 2
5843 2
5844 2
5845 2
5846 2
5847 2
5848 2
5849 2
5850 2
5851 2
5852 2
5853 2
5854 2
5855 2
5856 2
5857 2
5858 2
5859 2
5860 2
5861 2
5862 2
5863 5
5864 5
5865 5
5866 5
5867 5
5868 5
5869 5
5870 5
5871 5
5872 5
5873 5
5874 5
5875 5
5876 4
5877 5
5878 5
5879 5
5880 5
5881 5
5882 5
5883 5
5884 5
5885 5
5886 5
5887 5
5888 5
5889 5
5890 4
5891 4
5892 4
5893 4
5894 5
5895 4
5896 4
5897 4
5898 4
5899 4
5900 4
5901 4
5902 4
5903 5
5904 5
5905 5
5906 5
5907 5
5908 5
5909 5
5910 5
5911 5
5912 5
5913 5
5914 5
5915 5
5916 5
5917 4
5918 5
5919 4
5920 4
5921 5
5922 5
5923 5
5924 5
5925 5
5926 5
5927 5
5928 5
5929 5
5930 5
5931 5
5932 5
5933 5
5934 5
5935 5
5936 5
5937 5
5938 5
5939 5
5940 5
5941 5
5942 5
5943 5
5944 5
5945 5
5946 5
5947 5
5948 5
5949 5
5950 5
5951 5
5952 5
5953 5
5954 5
5955 5
5956 5
5957 5
5958 5
5959 5
5960 5
5961 5
5962 5
5963 5
5964 5
5965 5
5966 5
5967 5
5968 5
5969 5
5970 5
5971 5
5972 5
5973 5
5974 5
5975 3
5976 3
5977 3
5978 3
5979 3
5980 3
5981 3
5982 3
5983 3
5984 3
5985 3
5986 3
5987 3
5988 3
5989 3
5990 3
5991 3
5992 3
5993 3
5994 3
5995 3
5996 3
5997 3
5998 3
5999 3
6000 3
6001 3
6002 3
6003 3
6004 3
6005 3
6006 3
6007 3
6008 3
6009 3
6010 3
6011 3
6012 3
6013 3
6014 3
6015 3
6016 3
6017 3
6018 3
6019 3
6020 3
6021 3
6022 3
6023 3
6024 3
6025 3
6026 3
6027 3
6028 3
6029 3
6030 3
6031 3
6032 3
6033 3
6034 3
6035 3
6036 3
6037 3
6038 3
6039 3
6040 3
6041 3
6042 3
6043 3
6044 3
6045 5
6046 5
6047 5
6048 5
6049 5
6050 5
6051 5
6052 5
6053 3
6054 5
6055 5
6056 5
6057 5
6058 5
6059 5
6060 5
6061 5
6062 5
6063 5
6064 5
6065 5
6066 5
6067 5
6068 5
6069 5
6070 5
6071 5
6072 5
6073 5
6074 5
6075 5
6076 5
6077 5
6078 5
6079 5
6080 5
6081 5
6082 5
6083 5
6084 5
6085 5
6086 5
6087 5
6088 5
6089 5
6090 5
6091 5
6092 5
6093 5
6094 5
6095 5
6096 5
6097 5
6098 5
6099 5
6100 5
6101 5
6102 5
6103 5
6104 5
6105 5
6106 5
6107 5
6108 5
6109 5
6110 5
6111 5
6112 5
6113 5
6114 5
6115 5
6116 5
6117 5
6118 5
6119 5
6120 5
6121 5
6122 5
6123 5
6124 5
6125 5
6126 5
6127 5
6128 5
6129 5
6130 5
6131 5
6132 5
6133 5
6134 5
6135 5
6136 5
6137 5
6138 5
6139 5
6140 5
6141 5
6142 4
6143 4
6144 4
6145 4
6146 4
6147 5
6148 5
6149 5
6150 5
6151 5
6152 5
6153 5
6154 5
6155 5
6156 5
6157 5
6158 5
6159 5
6160 5
6161 5
6162 5
6163 5
6164 5
6165 5
6166 5
6167 5
6168 5
6169 5
6170 5
6171 5
6172 5
6173 5
6174 5
6175 5
6176 5
6177 5
6178 5
6179 5
6180 5
6181 5
6182 5
6183 5
6184 5
6185 5
6186 5
6187 5
6188 5
6189 5
6190 5
6191 5
6192 5
6193 5
6194 5
6195 5
6196 5
6197 5
6198 5
6199 5
6200 5
6201 5
6202 5
6203 5
6204 5
6205 5
6206 5
6207 5
6208 5
6209 5
6210 5
6211 5
6212 5
6213 5
6214 5
6215 5
6216 5
6217 5
6218 5
6219 5
6220 5
6221 5
6222 5
6223 5
6224 5
6225 5
6226 5
6227 5
6228 5
6229 5
6230 5
6231 5
6232 5
6233 5
6234 5
6235 5
6236 5
6237 5
6238 5
6239 5
6240 5
6241 5
6242 5
6243 5
6244 5
6245 5
6246 5
6247 5
6248 5
6249 5
6250 3
6251 3
6252 3
6253 3
6254 3
6255 3
6256 3
6257 3
6258 3
6259 3
6260 3
6261 3
6262 3
6263 3
6264 3
6265 3
6266 3
6267 3
6268 3
6269 3
6270 3
6271 3
6272 3
6273 3
6274 3
6275 3
6276 3
6277 3
6278 3
6279 3
6280 3
6281 3
6282 3
6283 3
6284 3
6285 3
6286 3
6287 3
6288 3
6289 3
6290 3
6291 3
6292 3
6293 3
6294 3
6295 3
6296 3
6297 3
6298 3
6299 5
6300 5
6301 5
6302 3
6303 3
6304 3
6305 5
6306 5
6307 5
6308 5
6309 5
6310 5
6311 5
6312 5
6313 5
6314 5
6315 5
6316 5
6317 5
6318 5
6319 5
6320 5
6321 5
6322 5
6323 5
6324 5
6325 5
6326 5
6327 5
6328 5
6329 5
6330 5
6331 5
6332 5
6333 5
6334 5
6335 5
6336 5
6337 5
6338 5
6339 5
6340 5
6341 5
6342 5
6343 5
6344 5
6345 5
6346 5
6347 5
6348 5
6349 5
6350 5
6351 5
6352 5
6353 4
6354 4
6355 4
6356 4
6357 4
6358 4
6359 4
6360 4
6361 4
6362 4
6363 4
6364 4
6365 4
6366 4
6367 4
6368 4
6369 4
6370 4
6371 4
6372 4
6373 4
6374 4
6375 4
6376 4
6377 4
6378 4
6379 4
6380 4
6381 4
6382 4
6383 4
6384 4
6385 4
6386 4
6387 4
6388 4
6389 4
6390 4
6391 4
6392 4
6393 4
6394 4
6395 4
6396 4
6397 4
6398 4
6399 4
6400 4
6401 4
6402 4
6403 4
6404 4
6405 4
6406 4
6407 4
6408 4
6409 4
6410 4
6411 4
6412 4
6413 4
6414 4
6415 4
6416 4
6417 4
6418 4
6419 4
6420 4
6421 4
6422 4
6423 4
6424 4
6425 4
6426 4
6427 4
6428 4
6429 4
6430 4
6431 4
6432 4
6433 4
6434 4
6435 4
6436 4
6437 4
6438 4
6439 4
6440 4
6441 4
6442 4
6443 4
6444 4
6445 4
6446 4
6447 4
6448 4
6449 4
6450 4
6451 4
6452 4
6453 4
6454 4
6455 4
6456 4
6457 4
6458 4
6459 4
6460 4
6461 4
6462 4
6463 4
6464 4
6465 4
6466 4
6467 4
6468 4
6469 4
6470 4
6471 4
6472 4
6473 4
6474 4
6475 4
6476 4
6477 4
6478 4
6479 4
6480 4
6481 4
6482 4
6483 4
6484 4
6485 1
6486 1
6487 1
6488 1
6489 1
6490 1
6491 1
6492 4
6493 1
6494 4
6495 4
6496 4
6497 4
6498 1
6499 1
6500 1
6501 1
6502 1
6503 1
6504 1
6505 1
6506 1
6507 1
6508 1
6509 1
6510 1
6511 1
6512 1
6513 5
6514 5
6515 5
6516 1
6517 1
6518 1
6519 1
6520 1
6521 1
6522 1
6523 1
6524 1
6525 1
6526 3
6527 3
6528 3
6529 3
6530 3
6531 3
6532 3
6533 3
6534 3
6535 3
6536 3
6537 1
6538 1
6539 1
6540 1
6541 1
6542 3
6543 3
6544 3
6545 3
6546 3
6547 3
6548 3
6549 3
6550 3
6551 3
6552 3
6553 3
6554 3
6555 3
6556 3
6557 3
6558 3
6559 3
6560 3
6561 3
6562 3
6563 3
6564 3
6565 3
6566 3
6567 3
6568 3
6569 3
6570 3
6571 3
6572 3
6573 3
6574 3
6575 3
6576 3
6577 3
6578 3
6579 3
6580 3
6581 3
6582 3
6583 3
6584 3
6585 3
6586 3
6587 3
6588 3
6589 3
6590 3
6591 3
6592 3
6593 3
6594 3
6595 3
6596 3
6597 3
6598 3
6599 3
6600 3
6601 3
6602 3
6603 5
6604 5
6605 5
6606 1
6607 1
6608 1
6609 5
6610 5
6611 5
6612 5
6613 1
6614 5
6615 5
6616 4
6617 5
6618 4
6619 4
6620 4
6621 4
6622 4
6623 4
6624 4
6625 4
6626 4
6627 4
6628 4
6629 4
6630 4
6631 4
6632 4
6633 4
6634 4
6635 4
6636 4
6637 4
6638 4
6639 4
6640 4
6641 4
6642 4
6643 4
6644 4
6645 4
6646 4
6647 4
6648 4
6649 4
6650 4
6651 0
6652 0
6653 4
6654 0
6655 0
6656 0
6657 4
6658 0
6659 4
6660 4
6661 4
6662 0
6663 4
6664 4
6665 4
6666 0
6667 0
6668 0
6669 0
6670 0
6671 0
6672 0
6673 0
6674 0
6675 0
6676 0
6677 0
6678 0
6679 4
6680 0
6681 0
6682 4
6683 4
6684 4
6685 4
6686 4
6687 4
6688 4
6689 4
6690 4
6691 4
6692 4
6693 4
6694 4
6695 4
6696 4
6697 4
6698 4
6699 4
6700 4
6701 4
6702 4
6703 4
6704 4
6705 4
6706 4
6707 0
6708 0
6709 0
6710 0
6711 0
6712 0
6713 0
6714 0
6715 0
6716 0
6717 0
6718 0
6719 0
6720 0
6721 4
6722 0
6723 0
6724 0
6725 0
6726 0
6727 0
6728 0
6729 0
6730 0
6731 0
6732 0
6733 0
6734 0
6735 0
6736 0
6737 0
6738 0
6739 0
6740 0
6741 0
6742 0
6743 0
6744 0
6745 0
6746 0
6747 0
6748 0
6749 0
6750 0
6751 0
6752 0
6753 0
6754 0
6755 0
6756 0
6757 0
6758 0
6759 1
6760 1
6761 1
6762 1
6763 1
6764 1
6765 1
6766 1
6767 0
6768 1
6769 1
6770 1
6771 1
6772 1
6773 1
6774 1
6775 1
6776 0
6777 0
6778 0
6779 0
6780 0
6781 0
6782 0
6783 0
6784 1
6785 0
6786 0
6787 1
6788 0
6789 0
6790 0
6791 1
6792 1
6793 1
6794 1
6795 1
6796 1
6797 1
6798 1
6799 1
6800 1
6801 1
6802 1
6803 1
6804 1
6805 1
6806 1
6807 1
6808 1
6809 1
6810 1
6811 1
6812 1
6813 1
6814 1
6815 1
6816 1
6817 1
6818 1
6819 1
6820 1
6821 3
6822 3
6823 3
6824 3
6825 3
6826 3
6827 3
6828 3
6829 3
6830 3
6831 3
6832 3
6833 3
6834 3
6835 3
6836 3
6837 3
6838 3
6839 3
6840 3
6841 3
6842 3
6843 3
6844 3
6845 3
6846 3
6847 3
6848 3
6849 3
6850 3
6851 3
6852 3
6853 3
6854 3
6855 3
6856 3
6857 3
6858 3
6859 3
6860 3
6861 3
6862 3
6863 3
6864 3
6865 3
6866 3
6867 3
6868 3
6869 3
6870 1
6871 1
6872 1
6873 1
6874 1
6875 1
6876 1
6877 1
6878 1
6879 1
6880 1
6881 1
6882 1
6883 1
6884 1
6885 1
6886 1
6887 1
6888 1
6889 1
6890 1
6891 1
6892 1
6893 1
6894 1
6895 1
6896 1
6897 1
6898 1
6899 1
6900 1
6901 1
6902 1
6903 4
6904 4
6905 4
6906 4
6907 4
6908 4
6909 4
6910 4
6911 4
6912 4
6913 0
6914 0
6915 0
6916 0
6917 0
6918 4
6919 4
6920 4
6921 0
6922 0
6923 0
6924 0
6925 0
6926 0
6927 0
6928 0
6929 0
6930 0
6931 4
6932 0
6933 4
6934 4
6935 4
6936 4
6937 4
6938 4
6939 4
6940 4
6941 4
6942 4
6943 4
6944 4
6945 4
6946 4
6947 4
6948 4
6949 4
6950 4
6951 4
6952 4
6953 4
6954 4
6955 4
6956 4
6957 4
6958 4
6959 4
6960 4
6961 4
6962 4
6963 4
6964 4
6965 4
6966 4
6967 4
6968 4
6969 4
6970 4
6971 4
6972 4
6973 4
6974 4
6975 4
6976 4
6977 4
6978 4
6979 4
6980 4
6981 4
6982 4
6983 4
6984 4
6985 4
6986 4
6987 4
6988 4
6989 4
6990 4
6991 4
6992 0
6993 0
6994 0
6995 0
6996 0
6997 0
6998 0
6999 4
7000 0
7001 0
7002 0
7003 0
7004 0
7005 0
7006 0
7007 4
7008 0
7009 4
7010 4
7011 4
7012 0
7013 4
7014 4
7015 0
7016 0
7017 4
7018 4
7019 4
7020 4
7021 4
7022 4
7023 4
7024 4
7025 4
7026 4
7027 4
7028 4
7029 4
7030 4
7031 4
7032 4
7033 4
7034 4
7035 4
7036 4
7037 4
7038 4
7039 4
7040 4
7041 4
7042 4
7043 4
7044 4
7045 4
7046 0
7047 2
7048 2
7049 2
7050 2
7051 0
7052 0
7053 0
7054 0
7055 0
7056 2
7057 2
7058 2
7059 2
7060 2
7061 2
7062 2
7063 2
7064 2
7065 2
7066 2
7067 2
7068 2
7069 2
7070 2
7071 2
7072 2
7073 2
7074 2
7075 2
7076 2
7077 2
7078 2
7079 2
7080 2
7081 1
7082 2
7083 2
7084 2
7085 2
7086 2
7087 2
7088 2
7089 1
7090 1
7091 1
7092 1
7093 1
7094 1
7095 1
7096 1
7097 1
7098 1
7099 2
7100 2
7101 2
7102 2
7103 2
7104 2
7105 1
7106 3
7107 1
7108 1
7109 3
7110 3
7111 3
7112 3
7113 3
7114 3
7115 3
7116 3
7117 3
7118 3
7119 3
7120 3
7121 3
7122 3
7123 3
7124 3
7125 3
7126 3
7127 3
7128 3
7129 3
7130 3
7131 3
7132 3
7133 3
7134 3
7135 3
7136 3
7137 3
7138 3
7139 3
7140 3
7141 3
7142 3
7143 3
7144 3
7145 3
7146 3
7147 3
7148 3
7149 3
7150 3
7151 3
7152 3
7153 3
7154 3
7155 3
7156 3
7157 3
7158 3
7159 3
7160 3
7161 3
7162 3
7163 3
7164 3
7165 3
7166 3
7167 3
7168 3
7169 3
7170 3
7171 3
7172 3
7173 3
7174 1
7175 1
7176 3
7177 3
7178 3
7179 3
7180 1
7181 1
7182 1
7183 1
7184 1
7185 1
7186 1
7187 1
7188 1
7189 1
7190 1
7191 1
7192 1
7193 1
7194 1
7195 1
7196 1
7197 1
7198 1
7199 1
7200 1
7201 1
7202 1
7203 1
7204 1
7205 1
7206 1
7207 1
7208 1
7209 1
7210 2
7211 2
7212 2
7213 0
7214 0
7215 0
7216 2
7217 2
7218 2
7219 2
7220 2
7221 0
7222 0
7223 0
7224 0
7225 0
7226 2
7227 2
7228 0
7229 2
7230 0
7231 0
7232 2
7233 2
7234 2
7235 2
7236 2
7237 2
7238 2
7239 2
7240 2
7241 2
7242 2
7243 2
7244 2
7245 2
7246 0
7247 0
7248 0
7249 0
7250 0
7251 0
7252 0
7253 0
7254 0
7255 0
7256 0
7257 0
7258 0
7259 0
7260 0
7261 0
7262 0
7263 0
7264 0
7265 0
7266 0
7267 0
7268 0
7269 0
7270 0
7271 0
7272 0
7273 0
7274 0
7275 0
7276 0
7277 2
7278 2
7279 2
7280 2
7281 2
7282 2
7283 2
7284 2
7285 2
7286 2
7287 2
7288 2
7289 2
7290 2
7291 2
7292 2
7293 2
7294 2
7295 2
7296 2
7297 2
7298 2
7299 2
7300 2
7301 2
7302 2
7303 2
7304 2
7305 2
7306 2
7307 2
7308 2
7309 2
7310 2
7311 2
7312 2
7313 2
7314 2
7315 2
7316 2
7317 2
7318 2
7319 2
7320 2
7321 2
7322 2
7323 2
7324 2
7325 0
7326 0
7327 0
7328 0
7329 0
7330 0
7331 0
7332 0
7333 0
7334 0
7335 0
7336 0
7337 0
7338 0
7339 0
7340 0
7341 0
7342 0
7343 0
7344 0
7345 0
7346 0
7347 0
7348 0
7349 0
7350 0
7351 0
7352 0
7353 0
7354 0
7355 0
7356 0
7357 0
7358 0
7359 0
7360 0
7361 0
7362 0
7363 0
7364 0
7365 0
7366 0
7367 0
7368 0
7369 0
7370 0
7371 0
7372 0
7373 0
7374 0
7375 0
7376 0
7377 0
7378 0
7379 0
7380 0
7381 0
7382 0
7383 0
7384 0
7385 0
7386 0
7387 0
7388 0
7389 0
7390 0
7391 0
7392 0
7393 0
7394 0
7395 0
7396 0
7397 0
7398 0
7399 0
7400 0
7401 0
7402 0
7403 0
7404 0
7405 0
7406 0
7407 0
7408 0
7409 0
7410 0
7411 0
7412 0
7413 0
7414 0
7415 0
7416 0
7417 0
7418 0
7419 0
7420 0
7421 0
7422 0
7423 0
7424 0
7425 0
7426 0
7427 0
7428 0
7429 0
7430 0
7431 0
7432 0
7433 0
7434 0
7435 0
7436 0
7437 0
7438 0
7439 0
7440 0
7441 0
7442 0
7443 0
7444 0
7445 0
7446 0
7447 0
7448 0
7449 0
7450 0
7451 0
7452 0
7453 0
7454 0
7455 0
7456 0
7457 0
7458 0
7459 0
7460 0
7461 0
7462 0
7463 0
7464 0
7465 0
7466 0
7467 0
7468 0
7469 0
7470 0
7471 0
7472 0
7473 0
7474 0
7475 0
7476 0
7477 0
7478 0
7479 0
7480 0
7481 0
7482 0
7483 1
7484 1
7485 1
7486 1
7487 1
7488 1
7489 1
7490 1
7491 1
7492 1
7493 1
7494 1
7495 1
7496 1
7497 1
7498 1
7499 1
7500 1
7501 1
7502 1
7503 1
7504 1
7505 1
7506 1
7507 1
7508 1
7509 1
7510 1
7511 1
7512 1
7513 1
7514 1
7515 1
7516 1
7517 1
7518 3
7519 1
7520 1
7521 1
7522 1
7523 3
7524 3
7525 3
7526 3
7527 3
7528 3
7529 3
7530 3
7531 3
7532 3
7533 3
7534 3
7535 3
7536 3
7537 3
7538 3
7539 3
7540 3
7541 3
7542 3
7543 3
7544 3
7545 3
7546 3
7547 3
7548 3
7549 3
7550 3
7551 3
7552 3
7553 3
7554 3
7555 3
7556 3
7557 3
7558 3
7559 3
7560 3
7561 3
7562 3
7563 3
7564 3
7565 3
7566 1
7567 1
7568 1
7569 1
7570 1
7571 1
7572 1
7573 1
7574 1
7575 1
7576 1
7577 1
7578 1
7579 1
7580 1
7581 1
7582 1
7583 1
7584 1
7585 1
7586 1
7587 1
7588 0
7589 0
7590 0
7591 0
7592 0
7593 0
7594 0
7595 0
7596 0
7597 0
7598 0
7599 0
7600 0
7601 1
7602 1
7603 1
7604 0
7605 0
7606 0
7607 1
7608 1
7609 0
7610 1
7611 1
7612 0
7613 1
7614 1
7615 0
7616 0
7617 0
7618 0
7619 0
7620 0
7621 0
7622 0
7623 0
7624 0
7625 0
7626 0
7627 0
7628 0
7629 0
7630 0
7631 0
7632 0
7633 0
7634 0
7635 0
7636 0
7637 0
7638 0
7639 0
7640 0
7641 0
7642 0
7643 0
7644 0
7645 0
7646 0
7647 0
7648 0
7649 0
7650 0
7651 0
7652 0
7653 0
7654 0
7655 0
7656 0
7657 0
7658 0
7659 0
7660 0
7661 0
7662 0
7663 0
7664 0
7665 0
7666 0
7667 0
7668 0
7669 0
7670 0
7671 0
7672 0
7673 0
7674 0
7675 0
7676 0
7677 0
7678 0
7679 0
7680 0
7681 0
7682 0
7683 0
7684 0
7685 0
7686 0
7687 0
7688 0
7689 0
7690 0
7691 0
7692 0
7693 0
7694 0
7695 0
7696 0
7697 0
7698 0
7699 0
7700 0
7701 0
7702 0
7703 0
7704 0
7705 0
7706 0
7707 0
7708 0
7709 0
7710 0
7711 0
7712 0
7713 0
7714 0
7715 0
7716 0
7717 2
7718 2
7719 2
7720 2
7721 2
7722 2
7723 0
7724 0
7725 0
7726 0
7727 0
7728 0
7729 0
7730 0
7731 0
7732 0
7733 0
7734 0
7735 0
7736 1
7737 1
7738 1
7739 1
7740 3
7741 3
7742 3
7743 3
7744 3
7745 3
7746 3
7747 3
7748 3
7749 3
7750 3
7751 1
7752 1
7753 1
7754 1
7755 1
7756 1
7757 1
7758 1
7759 1
7760 1
7761 1
7762 0
7763 0
7764 0
7765 0
7766 0
7767 0
7768 0
7769 0
7770 0
7771 0
7772 0
7773 0
7774 2
7775 2
7776 2
7777 1
7778 1
7779 1
7780 1
7781 1
7782 1
7783 1
7784 1
7785 1
7786 3
7787 3
7788 3
7789 3
7790 3
7791 3
7792 3
7793 3
7794 3
7795 3
7796 3
7797 3
7798 3
7799 3
7800 3
7801 3
7802 3
7803 1
7804 2
7805 2
7806 2
7807 2
7808 2
7809 2
7810 2
7811 2
7812 2
7813 2
7814 2
7815 2
7816 2
7817 2
7818 4
7819 4
7820 0
7821 0
7822 0
7823 4
7824 4
7825 4
7826 4
7827 4
7828 1
7829 1
7830 1
7831 1
7832 1
7833 3
7834 3
7835 3
7836 3
7837 3
7838 3
7839 3
7840 3
7841 3
7842 1
7843 1
7844 1
7845 1
7846 1
7847 0
7848 0
7849 0
7850 4
7851 4
7852 4
7853 5
7854 4
7855 4
7856 5
7857 4
7858 4
7859 4
7860 4
7861 3
7862 3
7863 3
7864 3
7865 3
7866 3
7867 3
7868 3
7869 3
7870 3
7871 3
7872 5
7873 5
7874 5
7875 5
7876 5
7877 5
7878 5
7879 5
7880 5
7881 5
7882 1
7883 1
7884 4
7885 4
7886 4
7887 5
7888 5
7889 5
7890 3
7891 3
7892 3
7893 3
7894 3
7895 3
7896 3
7897 3
7898 3
7899 3
7900 3
7901 3
7902 3
7903 3
7904 5
7905 5
7906 5
7907 5
7908 5
7909 5
7910 5
7911 5
7912 5
7913 5
7914 5
7915 5
7916 5
7917 5
7918 5
7919 5
7920 5
7921 5
7922 5
7923 5
7924 5
7925 5
7926 5
7927 5
7928 5
7929 5
7930 5
7931 5
7932 5
7933 5
7934 5
7935 5
7936 5
7937 5
7938 3
7939 3
7940 3
7941 3
7942 3
7943 3
7944 3
7945 3
7946 3
7947 3
7948 3
7949 5
7950 5
7951 5
7952 5
7953 5
7954 5
7955 5
7956 5
7957 5
7958 5
7959 5
7960 5
7961 2
7962 2
7963 2
7964 2
7965 2
7966 2
7967 2
7968 2
7969 2
7970 2
7971 2
7972 2
7973 3
7974 3
7975 3
7976 3
7977 3
7978 3
7979 3
7980 3
7981 3
7982 3
7983 3
7984 3
7985 2
7986 2
7987 2
7988 2
7989 2
7990 2
7991 2
7992 2
7993 2
7994 2
7995 2
7996 2
7997 2
7998 2
7999 2
8000 2
8001 2
8002 3
8003 3
8004 3
8005 3
8006 3
8007 3
8008 3
8009 3
8010 3
8011 3
8012 3
8013 3
8014 3
8015 3
8016 3
8017 3
8018 3
8019 3
8020 3
8021 3
8022 3
8023 3
8024 3
8025 2
8026 2
8027 2
8028 2
8029 2
8030 2
8031 2
8032 2
8033 2
8034 2
8035 2
8036 2
8037 2
8038 2
8039 2
8040 2
8041 2
8042 2
8043 2
8044 2
8045 2
8046 2
8047 2
8048 2
8049 2
8050 2
8051 2
8052 2
8053 2
8054 2
8055 2
8056 2
8057 2
8058 2
8059 2
8060 2
8061 2
8062 2
8063 2
8064 2
8065 2
8066 2
8067 2
8068 2
8069 2
8070 2
8071 2
8072 2
8073 2
8074 2
8075 2
8076 2
8077 2
8078 2
8079 2
8080 2
8081 2
8082 2
8083 2
8084 2
8085 2
8086 2
8087 2
8088 2
8089 2
8090 2
8091 2
8092 2
8093 2
8094 2
8095 2
8096 2
8097 2
8098 2
8099 2
8100 2
8101 2
8102 2
8103 2
8104 2
8105 2
8106 2
8107 2
8108 2
8109 2
8110 2
8111 2
8112 2
8113 3
8114 3
8115 3
8116 3
8117 3
8118 3
8119 3
8120 2
8121 2
8122 2
8123 3
8124 3
8125 3
8126 3
8127 3
8128 3
8129 3
8130 3
8131 3
8132 3
8133 3
8134 3
8135 3
8136 3
8137 3
8138 3
8139 3
8140 3
8141 3
8142 3
8143 3
8144 3
8145 3
8146 3
8147 3
8148 3
8149 3
8150 3
8151 3
8152 3
8153 3
8154 3
8155 3
8156 3
8157 3
8158 3
8159 3
8160 3
8161 3
8162 3
8163 3
8164 3
8165 3
8166 3
8167 3
8168 3
8169 3
8170 2
8171 2
8172 2
8173 2
8174 2
8175 2
8176 2
8177 2
8178 2
8179 2
8180 2
8181 2
8182 2
8183 2
8184 2
8185 2
8186 2
8187 2
8188 2
8189 2
8190 2
8191 2
8192 2
8193 2
8194 2
8195 2
8196 2
8197 2
8198 2
8199 2
8200 2
8201 2
8202 2
8203 2
8204 2
8205 2
8206 2
8207 2
8208 2
8209 2
8210 2
8211 2
8212 2
8213 2
8214 2
8215 2
8216 2
8217 2
8218 2
8219 2
8220 2
8221 2
8222 2
8223 2
8224 2
8225 2
8226 2
8227 2
8228 2
8229 2
8230 2
8231 2
8232 2
8233 2
8234 2
8235 2
8236 2
8237 3
8238 3
8239 3
8240 3
8241 3
8242 3
8243 3
8244 3
8245 3
8246 3
8247 3
8248 3
8249 3
8250 3
8251 3
8252 3
8253 3
8254 3
8255 3
8256 3
8257 3
8258 3
8259 3
8260 3
8261 3
8262 3
8263 3
8264 3
8265 3
8266 3
8267 3
8268 3
8269 2
8270 2
8271 2
8272 2
8273 2
8274 2
8275 2
8276 2
8277 2
8278 2
8279 2
8280 2
8281 2
8282 2
8283 2
8284 2
8285 2
8286 2
8287 2
8288 2
8289 2
8290 2
8291 2
8292 2
8293 2
8294 2
8295 2
8296 2
8297 2
8298 2
8299 2
8300 2
8301 2
8302 2
8303 2
8304 2
8305 2
8306 2
8307 2
8308 2
8309 2
8310 2
8311 2
8312 2
8313 2
8314 2
8315 5
8316 5
8317 5
8318 5
8319 5
8320 5
8321 5
8322 5
8323 5
8324 5
8325 5
8326 5
8327 5
8328 5
8329 4
8330 4
8331 4
8332 5
8333 5
8334 5
8335 5
8336 5
8337 5
8338 5
8339 5
8340 4
8341 4
8342 4
8343 4
8344 4
8345 4
8346 4
8347 4
8348 5
8349 5
8350 5
8351 5
8352 5
8353 5
8354 5
8355 5
8356 5
8357 5
8358 5
8359 5
8360 5
8361 5
8362 5
8363 5
8364 5
8365 5
8366 3
8367 3
8368 3
8369 3
8370 3
8371 3
8372 3
8373 3
8374 3
8375 3
8376 3
8377 3
8378 3
8379 3
8380 3
8381 3
8382 3
8383 3
8384 3
8385 3
8386 3
8387 3
8388 3
8389 3
8390 3
8391 3
8392 3
8393 3
8394 3
8395 3
8396 3
8397 3
8398 3
8399 3
8400 3
8401 5
8402 5
8403 5
8404 5
8405 5
8406 5
8407 5
8408 5
8409 5
8410 5
8411 5
8412 5
8413 5
8414 5
8415 5
8416 5
8417 5
8418 5
8419 5
8420 5
8421 5
8422 5
8423 5
8424 5
8425 5
8426 5
8427 5
8428 5
8429 5
8430 5
8431 5
8432 5
8433 5
8434 5
8435 5
8436 5
8437 5
8438 5
8439 5
8440 5
8441 5
8442 5
8443 5
8444 5
8445 5
8446 5
8447 5
8448 5
8449 5
8450 5
8451 5
8452 5
8453 5
8454 5
8455 5
8456 5
8457 5
8458 5
8459 5
8460 5
8461 5
8462 5
8463 5
8464 5
8465 5
8466 5
8467 5
8468 5
8469 5
8470 5
8471 5
8472 5
8473 5
8474 5
8475 5
8476 5
8477 5
8478 5
8479 5
8480 5
8481 5
8482 5
8483 5
8484 5
8485 5
8486 5
8487 5
8488 5
8489 5
8490 5
8491 5
8492 5
8493 5
8494 5
8495 5
8496 5
8497 5
8498 5
8499 5
8500 5
8501 5
8502 5
8503 5
8504 5
8505 5
8506 5
8507 5
8508 5
8509 3
8510 3
8511 3
8512 3
8513 3
8514 3
8515 3
8516 3
8517 3
8518 3
8519 3
8520 3
8521 3
8522 3
8523 3
8524 3
8525 3
8526 3
8527 3
8528 3
8529 3
8530 3
8531 3
8532 5
8533 5
8534 5
8535 5
8536 5
8537 5
8538 5
8539 5
8540 5
8541 5
8542 5
8543 5
8544 5
8545 5
8546 5
8547 5
8548 5
8549 5
8550 5
8551 5
8552 5
8553 5
8554 5
8555 5
8556 5
8557 5
8558 5
8559 5
8560 4
8561 4
8562 4
8563 4
8564 4
8565 4
8566 4
8567 4
8568 4
8569 4
8570 4
8571 4
8572 4
8573 4
8574 4
8575 4
8576 4
8577 4
8578 4
8579 4
8580 4
8581 4
8582 4
8583 4
8584 4
8585 4
8586 4
8587 4
8588 4
8589 4
8590 4
8591 4
8592 4
8593 4
8594 4
8595 4
8596 4
8597 4
8598 4
8599 4
8600 4
8601 4
8602 4
8603 4
8604 4
8605 4
8606 4
8607 4
8608 4
8609 4
8610 1
8611 1
8612 1
8613 1
8614 1
8615 1
8616 1
8617 1
8618 1
8619 1
8620 1
8621 1
8622 1
8623 3
8624 3
8625 3
8626 3
8627 3
8628 3
8629 3
8630 3
8631 3
8632 5
8633 5
8634 5
8635 1
8636 3
8637 3
8638 3
8639 3
8640 3
8641 3
8642 3
8643 3
8644 3
8645 3
8646 3
8647 3
8648 3
8649 3
8650 3
8651 3
8652 3
8653 5
8654 5
8655 5
8656 5
8657 5
8658 5
8659 5
8660 5
8661 5
8662 5
8663 4
8664 4
8665 4
8666 4
8667 4
8668 4
8669 4
8670 4
8671 4
8672 4
8673 4
8674 4
8675 4
8676 4
8677 0
8678 0
8679 0
8680 0
8681 0
8682 0
8683 0
8684 0
8685 0
8686 0
8687 0
8688 0
8689 0
8690 4
8691 4
8692 4
8693 4
8694 4
8695 4
8696 4
8697 4
8698 4
8699 4
8700 4
8701 4
8702 4
8703 4
8704 4
8705 4
8706 4
8707 4
8708 4
8709 0
8710 1
8711 1
8712 0
8713 0
8714 0
8715 0
8716 0
8717 0
8718 0
8719 0
8720 0
8721 0
8722 0
8723 0
8724 0
8725 0
8726 0
8727 0
8728 0
8729 0
8730 0
8731 0
8732 1
8733 1
8734 1
8735 1
8736 1
8737 1
8738 1
8739 1
8740 1
8741 1
8742 1
8743 3
8744 3
8745 3
8746 3
8747 3
8748 1
8749 3
8750 3
8751 3
8752 3
8753 3
8754 3
8755 3
8756 3
8757 3
8758 3
8759 3
8760 3
8761 3
8762 3
8763 3
8764 3
8765 3
8766 3
8767 3
8768 3
8769 1
8770 1
8771 1
8772 1
8773 1
8774 1
8775 1
8776 1
8777 1
8778 1
8779 1
8780 1
8781 1
8782 1
8783 1
8784 1
8785 1
8786 1
8787 1
8788 1
8789 1
8790 4
8791 4
8792 4
8793 0
8794 0
8795 0
8796 0
8797 0
8798 0
8799 0
8800 0
8801 0
8802 4
8803 4
8804 4
8805 4
8806 4
8807 4
8808 4
8809 4
8810 4
8811 4
8812 4
8813 4
8814 4
8815 4
8816 4
8817 4
8818 4
8819 4
8820 4
8821 4
8822 4
8823 4
8824 4
8825 4
8826 4
8827 4
8828 0
8829 0
8830 0
8831 0
8832 0
8833 0
8834 0
8835 0
8836 0
8837 2
8838 2
8839 2
8840 2
8841 2
8842 2
8843 2
8844 2
8845 2
8846 2
8847 2
8848 2
8849 2
8850 2
8851 2
8852 2
8853 2
8854 1
8855 1
8856 1
8857 1
8858 1
8859 1
8860 1
8861 1
8862 1
8863 2
8864 2
8865 2
8866 2
8867 1
8868 3
8869 3
8870 3
8871 3
8872 3
8873 3
8874 3
8875 3
8876 3
8877 3
8878 3
8879 3
8880 3
8881 3
8882 3
8883 3
8884 3
8885 3
8886 3
8887 3
8888 3
8889 3
8890 3
8891 3
8892 3
8893 1
8894 1
8895 1
8896 1
8897 1
8898 1
8899 1
8900 1
8901 1
8902 1
8903 0
8904 0
8905 0
8906 0
8907 0
8908 0
8909 2
8910 2
8911 2
8912 2
8913 2
8914 2
8915 2
8916 2
8917 2
8918 2
8919 2
8920 2
8921 2
8922 2
8923 2
8924 2
8925 2
8926 0
8927 0
8928 2
8929 2
8930 2
8931 2
8932 2
8933 0
8934 0
8935 0
8936 0
8937 0
8938 0
8939 0
8940 0
8941 0
8942 0
8943 0
8944 0
8945 0
8946 0
8947 0
8948 0
8949 0
8950 0
8951 0
8952 0
8953 0
8954 0
8955 0
8956 0
8957 0
8958 0
8959 0
8960 0
8961 0
8962 0
8963 0
8964 0
8965 0
8966 0
8967 0
8968 0
8969 0
8970 0
8971 0
8972 0
8973 0
8974 0
8975 0
8976 0
8977 0
8978 0
8979 0
8980 0
8981 0
8982 0
8983 0
8984 0
8985 0
8986 0
8987 0
8988 0
8989 0
8990 0
8991 0
8992 0
8993 0
8994 1
8995 1
8996 1
8997 1
8998 1
8999 1
9000 1
9001 1
9002 1
9003 1
9004 1
9005 1
9006 1
9007 1
9008 1
9009 1
9010 1
9011 1
9012 1
9013 1
9014 1
9015 3
9016 1
9017 1
9018 3
9019 1
9020 3
9021 3
9022 3
9023 3
9024 3
9025 3
9026 3
9027 3
9028 3
9029 3
9030 3
9031 3
9032 3
9033 3
9034 3
9035 3
9036 3
9037 3
9038 1
9039 1
9040 1
9041 1
9042 1
9043 1
9044 1
9045 1
9046 0
9047 0
9048 0
9049 0
9050 0
9051 0
9052 0
9053 0
9054 0
9055 0
9056 0
9057 0
9058 0
9059 0
9060 0
9061 0
9062 0
9063 0
9064 0
9065 0
9066 0
9067 0
9068 0
9069 0
9070 0
9071 0
9072 0
9073 0
9074 0
9075 0
9076 0
9077 1
9078 1
9079 1
9080 1
9081 3
9082 1
9083 1
9084 1
9085 1
9086 1
9087 1
9088 1
9089 1
9090 1
9091 3
9092 3
9093 3
9094 3
9095 3
9096 3
9097 3
9098 2
9099 2
9100 2
9101 2
9102 2
9103 2
9104 2
9105 2
9106 1
9107 3
9108 1
9109 1
9110 1
9111 4
9112 4
9113 4
9114 4
9115 4
9116 4
9117 4
9118 4
9119 3
9120 3
9121 3
9122 3
9123 3
9124 5
9125 5
9126 5
9127 5
9128 5
9129 5
9130 5
9131 5
9132 3
9133 5
9134 5
9135 5
9136 5
9137 5
9138 5
9139 5
9140 5
9141 5
9142 5
9143 5
9144 5
9145 5
9146 5
9147 5
9148 5
9149 5
9150 5
9151 5
9152 5
9153 5
9154 5
9155 5
9156 3
9157 3
9158 3
9159 5
9160 5
9161 5
9162 2
9163 2
9164 2
9165 2
9166 2
9167 2
9168 2
9169 3
9170 3
9171 3
9172 2
9173 3
9174 3
9175 3
9176 3
9177 3
9178 2
9179 2
9180 2
9181 2
9182 2
9183 2
9184 2
9185 2
9186 2
9187 2
9188 2
9189 2
9190 2
9191 2
9192 2
9193 2
9194 2
9195 2
9196 2
9197 2
9198 2
9199 2
9200 2
9201 2
9202 2
9203 2
9204 2
9205 2
9206 2
9207 2
9208 2
9209 2
9210 2
9211 2
9212 2
9213 2
9214 2
9215 2
9216 2
9217 3
9218 3
9219 3
9220 3
9221 3
9222 3
9223 3
9224 3
9225 3
9226 3
9227 3
9228 3
9229 3
9230 3
9231 3
9232 3
9233 3
9234 3
9235 3
9236 3
9237 2
9238 2
9239 2
9240 2
9241 2
9242 2
9243 2
9244 2
9245 2
9246 2
9247 2
9248 2
9249 2
9250 2
9251 2
9252 2
9253 2
9254 2
9255 2
9256 2
9257 2
9258 2
9259 2
9260 2
9261 2
9262 2
9263 2
9264 3
9265 3
9266 3
9267 3
9268 3
9269 3
9270 3
9271 3
9272 2
9273 2
9274 2
9275 2
9276 2
9277 2
9278 2
9279 2
9280 2
9281 2
9282 2
9283 2
9284 2
9285 2
9286 2
9287 2
9288 2
9289 2
9290 2
9291 2
9292 2
9293 2
9294 2
9295 2
9296 2
9297 2
9298 2
9299 2
9300 2
9301 2
9302 2
9303 2
9304 2
9305 2
9306 2
9307 5
9308 5
9309 5
9310 5
9311 5
9312 5
9313 5
9314 5
9315 5
9316 5
9317 5
9318 4
9319 4
9320 4
9321 4
9322 4
9323 4
9324 4
9325 5
9326 5
9327 5
9328 5
9329 5
9330 5
9331 5
9332 5
9333 5
9334 3
9335 3
9336 3
9337 3
9338 3
9339 3
9340 3
9341 3
9342 5
9343 5
9344 5
9345 5
9346 5
9347 5
9348 5
9349 5
9350 5
9351 5
9352 5
9353 5
9354 5
9355 5
9356 5
9357 5
9358 5
9359 5
9360 5
9361 5
9362 5
9363 5
9364 5
9365 5
9366 5
9367 5
9368 5
9369 5
9370 5
9371 5
9372 5
9373 5
9374 5
9375 5
9376 5
9377 5
9378 5
9379 5
9380 5
9381 5
9382 5
9383 5
9384 5
9385 5
9386 5
9387 5
9388 5
9389 5
9390 5
9391 5
9392 5
9393 5
9394 5
9395 5
9396 5
9397 5
9398 5
9399 5
9400 5
9401 5
9402 5
9403 5
9404 5
9405 3
9406 3
9407 3
9408 5
9409 5
9410 5
9411 5
9412 5
9413 5
9414 5
9415 5
9416 4
9417 4
9418 4
9419 4
9420 4
9421 4
9422 4
9423 4
9424 4
9425 4
9426 4
9427 4
9428 4
9429 4
9430 4
9431 4
9432 4
9433 4
9434 4
9435 1
9436 1
9437 1
9438 1
9439 1
9440 3
9441 3
9442 3
9443 5
9444 3
9445 5
9446 3
9447 5
9448 5
9449 5
9450 3
9451 3
9452 5
9453 5
9454 5
9455 5
9456 5
9457 5
9458 4
9459 4
9460 4
9461 0
9462 0
9463 0
9464 0
9465 0
9466 0
9467 0
9468 0
9469 0
9470 0
9471 0
9472 4
9473 4
9474 4
9475 4
9476 0
9477 0
9478 0
9479 0
9480 0
9481 0
9482 1
9483 1
9484 1
9485 1
9486 1
9487 3
9488 3
9489 1
9490 1
9491 1
9492 3
9493 1
9494 1
9495 1
9496 1
9497 1
9498 4
9499 4
9500 4
9501 4
9502 4
9503 4
9504 4
9505 4
9506 4
9507 4
9508 0
9509 0
9510 0
9511 2
9512 2
9513 2
9514 2
9515 1
9516 1
9517 1
9518 1
9519 1
9520 2
9521 2
9522 3
9523 3
9524 3
9525 3
9526 3
9527 3
9528 3
9529 3
9530 3
9531 3
9532 1
9533 1
9534 1
9535 1
9536 1
9537 0
9538 0
9539 2
9540 2
9541 2
9542 2
9543 2
9544 2
9545 2
9546 2
9547 2
9548 0
9549 0
9550 0
9551 0
9552 0
9553 0
9554 0
9555 0
9556 0
9557 0
9558 0
9559 0
9560 0
9561 0
9562 0
9563 0
9564 0
9565 0
9566 0
9567 0
9568 0
9569 0
9570 0
9571 1
9572 1
9573 1
9574 1
9575 1
9576 1
9577 1
9578 1
9579 1
9580 3
9581 3
9582 3
9583 1
9584 1
9585 0
9586 0
9587 0
9588 0
9589 0
9590 0
9591 0
9592 0
9593 0
9594 0
9595 0
9596 0
9597 0
9598 1
9599 1
9600 1
9601 1
9602 2
9603 1
9604 2
9605 2
9606 2
9607 2
9608 2
9609 1
9610 4
9611 4
9612 4
9613 4
9614 4
9615 5
9616 5
9617 5
9618 5
9619 5
9620 5
9621 5
9622 5
9623 5
9624 5
9625 5
9626 5
9627 5
9628 5
9629 5
9630 5
9631 5
9632 5
9633 5
9634 2
9635 2
9636 2
9637 2
9638 3
9639 2
9640 2
9641 2
9642 2
9643 2
9644 2
9645 2
9646 2
9647 2
9648 2
9649 2
9650 2
9651 2
9652 2
9653 2
9654 2
9655 2
9656 2
9657 2
9658 2
9659 2
9660 2
9661 2
9662 2
9663 2
9664 3
9665 3
9666 3
9667 3
9668 3
9669 3
9670 3
9671 2
9672 2
9673 2
9674 2
9675 2
9676 2
9677 2
9678 2
9679 2
9680 2
9681 2
9682 2
9683 2
9684 2
9685 2
9686 2
9687 2
9688 2
9689 2
9690 2
9691 2
9692 2
9693 2
9694 2
9695 2
9696 2
9697 2
9698 2
9699 2
9700 2
9701 2
9702 2
9703 2
9704 5
9705 5
9706 5
9707 5
9708 5
9709 5
9710 5
9711 5
9712 4
9713 4
9714 4
9715 4
9716 4
9717 4
9718 4
9719 5
9720 5
9721 5
9722 5
9723 5
9724 5
9725 5
9726 5
9727 5
9728 5
9729 5
9730 5
9731 5
9732 5
9733 5
9734 5
9735 5
9736 5
9737 5
9738 5
9739 5
9740 5
9741 5
9742 5
9743 5
9744 5
9745 5
9746 5
9747 5
9748 5
9749 5
9750 5
9751 5
9752 5
9753 5
9754 5
9755 5
9756 5
9757 5
9758 5
9759 5
9760 5
9761 4
9762 4
9763 4
9764 4
9765 4
9766 4
9767 4
9768 4
9769 4
9770 4
9771 4
9772 4
9773 4
9774 1
9775 1
9776 1
9777 5
9778 5
9779 5
9780 5
9781 5
9782 5
9783 5
9784 0
9785 0
9786 0
9787 0
9788 0
9789 0
9790 0
9791 0
9792 0
9793 0
9794 0
9795 4
9796 0
9797 1
9798 1
9799 1
9800 4
9801 4
9802 4
9803 4
9804 4
9805 0
9806 0
9807 1
9808 1
9809 1
9810 2
9811 3
9812 1
9813 1
9814 1
9815 2
9816 2
9817 2
9818 2
9819 2
9820 2
9821 2
9822 0
9823 0
9824 0
9825 0
9826 0
9827 0
9828 0
9829 0
9830 0
9831 0
9832 0
9833 1
9834 1
9835 0
9836 0
9837 0
9838 0
9839 0
9840 0
9841 0
9842 0
9843 0
9844 0
9845 0
9846 1
9847 1
9848 1
9849 2
9850 2
9851 2
9852 2
9853 4
9854 4
9855 4
9856 4
9857 5
9858 5
9859 5
9860 5
9861 5
9862 2
9863 2
9864 2
9865 2
9866 2
9867 2
9868 2
9869 2
9870 2
9871 2
9872 2
9873 2
9874 2
9875 2
9876 2
9877 2
9878 2
9879 2
9880 2
9881 2
9882 2
9883 2
9884 2
9885 2
9886 5
9887 5
9888 4
9889 4
9890 4
9891 4
9892 4
9893 4
9894 4
9895 5
9896 5
9897 5
9898 5
9899 5
9900 5
9901 5
9902 5
9903 5
9904 5
9905 5
9906 5
9907 5
9908 4
9909 4
9910 4
9911 4
9912 4
9913 4
9914 4
9915 4
9916 1
9917 5
9918 0
9919 0
9920 0
9921 0
9922 0
9923 0
9924 0
9925 0
9926 1
9927 1
9928 2
9929 2
9930 2
9931 2
9932 2
9933 2
9934 0
9935 0
9936 0
9937 0
9938 0
9939 0
9940 0
9941 0
9942 0
9943 0
9944 2
9945 4
9946 2
9947 2
9948 2
9949 2
9950 2
9951 2
9952 4
9953 4
9954 4
9955 4
9956 4
9957 4
9958 4
9959 4
9960 4
9961 4
9962 0
9963 0
9964 0
9965 0
9966 2
9967 2
9968 2
9969 0
9970 0
9971 0
9972 2
9973 2
9974 2
9975 4
9976 4
9977 4
9978 4
9979 4
9980 0
9981 2
9982 2
9983 2
9984 4
9985 2
9986 2
9987 2
9988 2
9989 2
9990 2
9991 2
9992 2
9993 2
9994 2
9995 2
9996 2
9997 2
9998 2
9999 2
10000 2
10001 2
10002 2
10003 2
10004 2
10005 2
10006 2
10007 2
10008 2
10009 2
10010 2
10011 2
10012 2
10013 2
10014 2
10015 2
10016 2
10017 2
10018 2
10019 2
10020 2
10021 2
10022 2
10023 2
10024 2
10025 2
10026 2
10027 2
10028 2
10029 2
10030 2
10031 2
10032 2
10033 2
10034 2
10035 2
10036 2
10037 2
10038 2
10039 2
10040 2
10041 2
10042 2
10043 2
10044 2
10045 2
10046 2
10047 2
10048 2
10049 2
10050 2
10051 2
10052 2
10053 2
10054 2
10055 2
10056 2
10057 2
10058 2
10059 2
10060 2
10061 2
10062 2
10063 2
10064 2
10065 2
10066 2
10067 2
10068 2
10069 2
10070 2
10071 2
10072 2
10073 2
10074 2
10075 2
10076 2
10077 2
10078 2
10079 2
10080 2
10081 2
10082 2
10083 2
10084 2
10085 2
10086 2
10087 2
10088 2
10089 2
10090 2
10091 2
10092 2
10093 2
10094 2
10095 2
10096 2
10097 2
10098 2
10099 2
10100 2
10101 2
10102 2
10103 2
10104 2
10105 2
10106 2
10107 2
10108 2
10109 2
10110 2
10111 2
10112 2
10113 2
10114 2
10115 2
10116 2
10117 2
10118 2
10119 2
10120 2
10121 2
10122 2
10123 2
10124 2
10125 2
10126 2
10127 2
10128 2
10129 2
10130 2
10131 2
10132 2
10133 4
10134 4
10135 4
10136 4
10137 4
10138 4
10139 4
10140 4
10141 4
10142 4
10143 4
10144 4
10145 4
10146 4
10147 4
10148 4
10149 4
10150 4
10151 4
10152 4
10153 4
10154 4
10155 4
10156 4
10157 4
10158 4
10159 4
10160 4
10161 4
10162 4
10163 4
10164 4
10165 4
10166 4
10167 4
10168 4
10169 4
10170 4
10171 4
10172 4
10173 4
10174 4
10175 4
10176 4
10177 4
10178 4
10179 4
10180 4
10181 4
10182 4
10183 4
10184 4
10185 4
10186 4
10187 4
10188 4
10189 4
10190 4
10191 4
10192 4
10193 4
10194 4
10195 4
10196 4
10197 4
10198 4
10199 4
10200 4
10201 4
10202 4
10203 4
10204 4
10205 4
10206 4
10207 4
10208 4
10209 4
10210 4
10211 4
10212 4
10213 4
10214 4
10215 4
10216 4
10217 4
10218 4
10219 4
10220 4
10221 4
10222 4
10223 4
10224 4
10225 4
10226 4
10227 4
10228 4
10229 4
10230 4
10231 4
10232 4
10233 4
10234 4
10235 4
10236 4
10237 4
10238 4
10239 4
10240 1
