0 1
1 1
2 5
3 5
4 1
5 3
6 5
7 4
8 11
9 2
10 4
11 2
12 11
13 5
14 9
15 5
16 1
17 1
18 1
19 4
20 5
21 5
22 1
23 1
24 1
25 1
26 5
27 5
28 2
29 9
30 2
31 2
32 2
33 4
34 8
35 4
36 11
37 5
38 5
39 1
40 0
41 6
42 6
43 1
44 1
45 1
46 1
47 1
48 7
49 7
50 0
51 9
52 2
53 11
54 4
55 8
56 4
57 0
58 6
59 6
60 0
61 6
62 10
63 10
64 0
65 0
66 0
67 7
68 9
69 9
70 1
71 1
72 5
73 5
74 5
75 5
76 5
77 5
78 5
79 5
80 10
81 6
82 6
83 6
84 11
85 4
86 1
87 8
88 11
89 2
90 2
91 2
92 2
93 2
94 10
95 3
96 0
97 0
98 3
99 5
100 5
101 1
102 1
103 1
104 1
105 1
106 1
107 1
108 1
109 1
110 1
111 6
112 5
113 5
114 5
115 5
116 5
117 9
118 0
119 0
120 5
121 5
122 0
123 0
124 0
125 2
126 2
127 9
128 9
129 7
130 7
131 0
132 0
133 5
134 2
135 11
136 11
137 11
138 7
139 10
140 11
141 4
142 4
143 4
144 4
145 4
146 8
147 8
148 11
149 11
150 4
151 8
152 6
153 10
154 6
155 6
156 3
157 6
158 6
159 6
160 6
161 3
162 1
163 1
164 6
165 6
166 1
167 1
168 1
169 5
170 5
171 5
172 0
173 0
174 3
175 3
176 3
177 3
178 2
179 9
180 9
181 0
182 0
183 9
184 11
185 11
186 11
187 2
188 7
189 10
190 2
191 2
192 1
193 1
194 1
195 8
196 6
197 6
198 3
199 1
200 1
201 4
202 4
203 4
204 4
205 11
206 4
207 8
208 3
209 3
210 3
211 3
212 3
213 3
214 3
215 3
216 3
217 3
218 3
219 3
220 3
221 4
222 4
223 11
224 4
225 4
226 1
227 1
228 1
229 4
230 1
231 2
232 2
233 2
234 0
235 0
236 0
237 0
238 10
239 10
240 5
241 1
242 6
243 6
244 4
245 11
246 10
247 8
248 8
249 4
250 8
251 4
252 8
253 7
254 7
255 7
256 9
257 5
258 5
259 5
260 0
261 9
262 2
263 2
264 2
265 2
266 0
267 0
268 5
269 5
270 5
271 5
272 5
273 5
274 5
275 5
276 0
277 5
278 1
279 1
280 1
281 1
282 1
283 1
284 6
285 6
286 1
287 1
288 1
289 1
290 1
291 1
292 6
293 6
294 6
295 1
296 1
297 1
298 1
299 1
300 6
301 6
302 6
303 6
304 1
305 6
306 6
307 1
308 1
309 1
310 5
311 5
312 5
313 5
314 0
315 0
316 0
317 5
318 5
319 5
320 4
321 4
322 4
323 4
324 4
325 6
326 6
327 4
328 2
329 2
330 2
331 2
332 2
333 10
334 10
335 7
336 7
337 2
338 3
339 3
340 3
341 3
342 3
343 5
344 5
345 3
346 3
347 3
348 3
349 6
350 6
351 1
352 1
353 1
354 1
355 1
356 1
357 1
358 1
359 1
360 1
361 1
362 1
363 1
364 1
365 1
366 6
367 6
368 6
369 3
370 3
371 6
372 1
373 1
374 1
375 1
376 1
377 1
378 1
379 1
380 6
381 6
382 3
383 3
384 3
385 1
386 1
387 1
388 1
389 5
390 5
391 5
392 5
393 5
394 5
395 9
396 9
397 9
398 5
399 0
400 0
401 0
402 0
403 0
404 0
405 0
406 3
407 3
408 5
409 5
410 5
411 5
412 5
413 5
414 5
415 5
416 5
417 5
418 5
419 5
420 5
421 5
422 5
423 5
424 5
425 5
426 5
427 0
428 5
429 5
430 0
431 0
432 0
433 3
434 3
435 3
436 5
437 2
438 2
439 2
440 5
441 2
442 2
443 9
444 2
445 9
446 9
447 7
448 9
449 0
450 0
451 0
452 7
453 0
454 0
455 0
456 3
457 3
458 3
459 3
460 9
461 9
462 5
463 5
464 2
465 2
466 11
467 11
468 11
469 11
470 7
471 11
472 7
473 10
474 10
475 10
476 10
477 3
478 10
479 10
480 7
481 2
482 2
483 2
484 2
485 2
486 2
487 2
488 11
489 2
490 4
491 4
492 1
493 1
494 1
495 8
496 1
497 8
498 8
499 6
500 6
501 6
502 3
503 3
504 10
505 4
506 4
507 4
508 4
509 4
510 4
511 4
512 4
513 4
514 4
515 4
516 11
517 11
518 11
519 4
520 4
521 4
522 4
523 11
524 11
525 8
526 8
527 10
528 10
529 8
530 3
531 3
532 11
533 8
534 11
535 11
536 4
537 11
538 4
539 4
540 4
541 6
542 6
543 6
544 3
545 4
546 4
547 2
548 2
549 2
550 2
551 10
552 10
553 7
554 7
555 7
556 2
557 2
558 3
559 3
560 3
561 3
562 3
563 3
564 3
565 3
566 3
567 3
568 3
569 3
570 3
571 3
572 5
573 3
574 3
575 3
576 3
577 3
578 3
579 3
580 6
581 1
582 1
583 1
584 9
585 9
586 5
587 5
588 2
589 9
590 0
591 11
592 11
593 11
594 4
595 8
596 8
597 8
598 8
599 3
600 3
601 5
602 5
603 5
604 5
605 5
606 8
607 11
608 11
609 11
610 11
611 11
612 11
613 11
614 11
615 11
616 11
617 9
618 1
619 1
620 1
621 3
622 7
623 10
624 2
625 2
626 4
627 4
628 11
629 11
630 11
631 11
632 11
633 11
634 11
635 8
636 3
637 10
638 11
639 4
640 1
641 1
642 5
643 5
644 9
645 9
646 9
647 0
648 2
649 1
650 1
651 1
652 6
653 4
654 4
655 4
656 1
657 1
658 1
659 5
660 9
661 9
662 9
663 9
664 11
665 11
666 11
667 8
668 8
669 10
670 10
671 10
672 10
673 8
674 8
675 8
676 8
677 11
678 4
679 4
680 4
681 4
682 4
683 4
684 4
685 4
686 8
687 6
688 6
689 6
690 6
691 8
692 4
693 1
694 2
695 2
696 2
697 2
698 2
699 2
700 7
701 7
702 10
703 10
704 10
705 10
706 10
707 7
708 7
709 11
710 9
711 7
712 11
713 2
714 2
715 0
716 0
717 0
718 0
719 0
720 7
721 9
722 2
723 2
724 2
725 5
726 5
727 5
728 5
729 3
730 3
731 3
732 3
733 3
734 3
735 3
736 3
737 3
738 0
739 0
740 5
741 0
742 5
743 5
744 5
745 5
746 5
747 5
748 0
749 0
750 0
751 0
752 0
753 0
754 0
755 0
756 0
757 5
758 5
759 5
760 5
761 5
762 5
763 5
764 1
765 1
766 1
767 1
768 1
769 6
770 6
771 3
772 3
773 6
774 6
775 1
776 1
777 1
778 1
779 1
780 1
781 6
782 6
783 6
784 6
785 6
786 6
787 6
788 6
789 3
790 3
791 6
792 6
793 1
794 1
795 1
796 1
797 1
798 1
799 1
800 1
801 1
802 1
803 1
804 1
805 1
806 1
807 1
808 1
809 1
810 1
811 1
812 1
813 1
814 1
815 1
816 6
817 6
818 6
819 3
820 3
821 3
822 3
823 3
824 3
825 3
826 3
827 3
828 6
829 6
830 6
831 1
832 1
833 1
834 1
835 1
836 1
837 1
838 1
839 1
840 1
841 1
842 1
843 1
844 1
845 1
846 1
847 1
848 6
849 6
850 6
851 1
852 1
853 6
854 6
855 6
856 6
857 6
858 6
859 6
860 6
861 3
862 3
863 3
864 3
865 6
866 6
867 6
868 1
869 1
870 5
871 5
872 5
873 5
874 5
875 5
876 5
877 5
878 5
879 5
880 5
881 5
882 5
883 5
884 5
885 5
886 0
887 0
888 0
889 0
890 3
891 3
892 3
893 3
894 3
895 3
896 3
897 3
898 3
899 3
900 3
901 0
902 0
903 0
904 5
905 5
906 5
907 5
908 5
909 5
910 5
911 5
912 5
913 5
914 5
915 5
916 5
917 5
918 5
919 5
920 5
921 5
922 0
923 0
924 0
925 0
926 0
927 0
928 0
929 0
930 0
931 3
932 0
933 0
934 3
935 3
936 3
937 3
938 3
939 5
940 0
941 0
942 5
943 5
944 5
945 5
946 5
947 5
948 2
949 2
950 2
951 2
952 2
953 2
954 2
955 5
956 2
957 2
958 2
959 2
960 2
961 2
962 2
963 2
964 9
965 9
966 2
967 2
968 9
969 9
970 9
971 7
972 9
973 9
974 0
975 10
976 0
977 0
978 3
979 0
980 3
981 3
982 3
983 3
984 3
985 3
986 0
987 9
988 9
989 9
990 9
991 5
992 5
993 5
994 2
995 2
996 2
997 2
998 2
999 11
1000 11
1001 11
1002 11
1003 11
1004 11
1005 7
1006 7
1007 7
1008 7
1009 7
1010 7
1011 10
1012 10
1013 3
1014 3
1015 3
1016 3
1017 3
1018 3
1019 10
1020 7
1021 7
1022 2
1023 2
1024 2
1025 2
1026 2
1027 2
1028 2
1029 11
1030 11
1031 11
1032 11
1033 2
1034 2
1035 2
1036 2
1037 4
1038 4
1039 4
1040 4
1041 1
1042 1
1043 1
1044 8
1045 4
1046 8
1047 8
1048 8
1049 6
1050 6
1051 6
1052 3
1053 3
1054 3
1055 3
1056 3
1057 3
1058 3
1059 3
1060 3
1061 6
1062 6
1063 8
1064 4
1065 4
1066 4
1067 4
1068 4
1069 4
1070 4
1071 4
1072 4
1073 4
1074 4
1075 4
1076 4
1077 4
1078 4
1079 4
1080 1
1081 4
1082 4
1083 4
1084 4
1085 4
1086 4
1087 4
1088 4
1089 4
1090 11
1091 11
1092 11
1093 11
1094 11
1095 11
1096 4
1097 4
1098 4
1099 4
1100 4
1101 11
1102 8
1103 8
1104 4
1105 4
1106 8
1107 8
1108 8
1109 10
1110 10
1111 3
1112 3
1113 3
1114 3
1115 3
1116 3
1117 8
1118 10
1119 8
1120 7
1121 8
1122 11
1123 11
1124 11
1125 11
1126 11
1127 4
1128 4
1129 1
1130 1
1131 1
1132 5
1133 5
1134 5
1135 9
1136 9
1137 9
1138 2
1139 1
1140 8
1141 1
1142 4
1143 4
1144 11
1145 1
1146 5
1147 9
1148 9
1149 7
1150 8
1151 10
1152 10
1153 10
1154 10
1155 10
1156 8
1157 8
1158 8
1159 8
1160 4
1161 4
1162 4
1163 4
1164 4
1165 4
1166 4
1167 4
1168 8
1169 8
1170 6
1171 6
1172 6
1173 6
1174 6
1175 6
1176 8
1177 1
1178 4
1179 4
1180 1
1181 1
1182 2
1183 2
1184 2
1185 2
1186 2
1187 7
1188 7
1189 2
1190 7
1191 7
1192 7
1193 7
1194 7
1195 10
1196 10
1197 0
1198 10
1199 10
1200 7
1201 9
1202 2
1203 2
1204 0
1205 0
1206 0
1207 0
1208 0
1209 0
1210 7
1211 9
1212 9
1213 2
1214 9
1215 5
1216 3
1217 3
1218 3
1219 3
1220 3
1221 3
1222 3
1223 3
1224 3
1225 3
1226 3
1227 3
1228 3
1229 3
1230 3
1231 3
1232 3
1233 3
1234 3
1235 3
1236 3
1237 3
1238 0
1239 0
1240 5
1241 5
1242 5
1243 5
1244 5
1245 5
1246 5
1247 5
1248 5
1249 5
1250 5
1251 5
1252 5
1253 0
1254 0
1255 0
1256 0
1257 0
1258 0
1259 5
1260 5
1261 5
1262 5
1263 1
1264 1
1265 1
1266 1
1267 1
1268 1
1269 1
1270 1
1271 3
1272 3
1273 6
1274 6
1275 1
1276 1
1277 1
1278 1
1279 1
1280 3
1281 3
1282 1
1283 1
1284 1
1285 1
1286 1
1287 1
1288 1
1289 1
1290 1
1291 1
1292 1
1293 1
1294 1
1295 1
1296 1
1297 1
1298 1
1299 6
1300 6
1301 6
1302 6
1303 6
1304 6
1305 6
1306 6
1307 3
1308 3
1309 3
1310 6
1311 6
1312 6
1313 6
1314 1
1315 6
1316 1
1317 1
1318 6
1319 6
1320 6
1321 6
1322 1
1323 1
1324 1
1325 1
1326 1
1327 1
1328 1
1329 0
1330 0
1331 5
1332 5
1333 0
1334 0
1335 0
1336 0
1337 3
1338 3
1339 5
1340 5
1341 5
1342 5
1343 5
1344 5
1345 5
1346 5
1347 5
1348 5
1349 5
1350 5
1351 5
1352 5
1353 5
1354 5
1355 0
1356 0
1357 0
1358 0
1359 0
1360 2
1361 2
1362 2
1363 2
1364 2
1365 2
1366 2
1367 5
1368 5
1369 2
1370 2
1371 2
1372 2
1373 2
1374 2
1375 2
1376 2
1377 2
1378 2
1379 2
1380 9
1381 2
1382 9
1383 9
1384 7
1385 0
1386 0
1387 0
1388 0
1389 3
1390 3
1391 0
1392 0
1393 9
1394 9
1395 9
1396 9
1397 9
1398 9
1399 9
1400 9
1401 5
1402 2
1403 11
1404 11
1405 11
1406 7
1407 7
1408 7
1409 7
1410 7
1411 10
1412 10
1413 3
1414 3
1415 3
1416 3
1417 10
1418 10
1419 7
1420 7
1421 2
1422 2
1423 2
1424 2
1425 2
1426 2
1427 2
1428 2
1429 2
1430 2
1431 2
1432 2
1433 11
1434 11
1435 2
1436 11
1437 4
1438 1
1439 4
1440 1
1441 1
1442 1
1443 1
1444 8
1445 1
1446 8
1447 1
1448 1
1449 6
1450 6
1451 6
1452 6
1453 3
1454 3
1455 3
1456 3
1457 8
1458 8
1459 8
1460 4
1461 4
1462 4
1463 4
1464 4
1465 4
1466 4
1467 4
1468 4
1469 4
1470 4
1471 4
1472 4
1473 4
1474 4
1475 4
1476 4
1477 4
1478 1
1479 4
1480 4
1481 4
1482 11
1483 11
1484 11
1485 11
1486 11
1487 4
1488 4
1489 4
1490 4
1491 4
1492 4
1493 4
1494 4
1495 4
1496 4
1497 8
1498 8
1499 8
1500 10
1501 10
1502 3
1503 3
1504 3
1505 3
1506 10
1507 10
1508 8
1509 11
1510 7
1511 3
1512 3
1513 1
1514 1
1515 1
1516 6
1517 1
1518 6
1519 5
1520 5
1521 5
1522 2
1523 2
1524 9
1525 9
1526 9
1527 11
1528 7
1529 1
1530 1
1531 1
1532 4
1533 4
1534 11
1535 3
1536 3
1537 1
1538 1
1539 1
1540 1
1541 1
1542 1
1543 1
1544 1
1545 1
1546 1
1547 1
1548 9
1549 9
1550 9
1551 9
1552 9
1553 9
1554 9
1555 9
1556 9
1557 9
1558 9
1559 5
1560 5
1561 5
1562 5
1563 5
1564 5
1565 5
1566 5
1567 5
1568 1
1569 1
1570 1
1571 1
1572 1
1573 1
1574 1
1575 1
1576 1
1577 1
1578 1
1579 1
1580 11
1581 11
1582 11
1583 11
1584 11
1585 11
1586 11
1587 11
1588 11
1589 11
1590 11
1591 7
1592 7
1593 11
1594 11
1595 11
1596 11
1597 10
1598 8
1599 8
1600 8
1601 8
1602 8
1603 4
1604 4
1605 4
1606 4
1607 4
1608 4
1609 4
1610 4
1611 4
1612 4
1613 4
1614 4
1615 4
1616 11
1617 4
1618 4
1619 8
1620 6
1621 6
1622 6
1623 6
1624 8
1625 8
1626 6
1627 1
1628 2
1629 2
1630 2
1631 2
1632 2
1633 2
1634 2
1635 2
1636 2
1637 2
1638 2
1639 2
1640 2
1641 7
1642 7
1643 7
1644 7
1645 7
1646 7
1647 9
1648 0
1649 0
1650 0
1651 0
1652 0
1653 0
1654 0
1655 0
1656 0
1657 7
1658 2
1659 2
1660 0
1661 0
1662 0
1663 5
1664 5
1665 5
1666 5
1667 5
1668 5
1669 5
1670 5
1671 5
1672 5
1673 5
1674 5
1675 5
1676 5
1677 5
1678 5
1679 5
1680 0
1681 0
1682 0
1683 0
1684 0
1685 5
1686 5
1687 5
1688 5
1689 5
1690 5
1691 5
1692 5
1693 5
1694 5
1695 5
1696 1
1697 1
1698 1
1699 1
1700 1
1701 1
1702 1
1703 1
1704 1
1705 1
1706 1
1707 1
1708 6
1709 6
1710 6
1711 6
1712 1
1713 1
1714 1
1715 6
1716 6
1717 6
1718 6
1719 6
1720 6
1721 6
1722 6
1723 1
1724 1
1725 1
1726 1
1727 1
1728 1
1729 1
1730 1
1731 4
1732 11
1733 11
1734 11
1735 8
1736 8
1737 10
1738 10
1739 10
1740 10
1741 10
1742 3
1743 3
1744 3
1745 3
1746 3
1747 3
1748 3
1749 3
1750 10
1751 10
1752 11
1753 4
1754 4
1755 11
1756 4
1757 4
1758 11
1759 11
1760 11
1761 11
1762 11
1763 4
1764 4
1765 4
1766 4
1767 4
1768 4
1769 4
1770 4
1771 4
1772 4
1773 4
1774 4
1775 4
1776 6
1777 6
1778 10
1779 6
1780 3
1781 3
1782 3
1783 3
1784 3
1785 3
1786 3
1787 6
1788 6
1789 6
1790 6
1791 8
1792 1
1793 1
1794 2
1795 2
1796 2
1797 2
1798 2
1799 2
1800 2
1801 2
1802 11
1803 2
1804 3
1805 3
1806 3
1807 3
1808 3
1809 3
1810 3
1811 3
1812 3
1813 3
1814 10
1815 10
1816 10
1817 7
1818 7
1819 7
1820 11
1821 11
1822 2
1823 11
1824 2
1825 2
1826 5
1827 9
1828 0
1829 0
1830 3
1831 3
1832 3
1833 3
1834 3
1835 3
1836 3
1837 3
1838 3
1839 3
1840 3
1841 10
1842 0
1843 9
1844 2
1845 2
1846 2
1847 2
1848 2
1849 2
1850 2
1851 2
1852 2
1853 5
1854 5
1855 2
1856 2
1857 5
1858 5
1859 0
1860 0
1861 0
1862 0
1863 3
1864 3
1865 0
1866 3
1867 0
1868 0
1869 0
1870 0
1871 0
1872 5
1873 5
1874 5
1875 5
1876 5
1877 5
1878 5
1879 5
1880 5
1881 5
1882 5
1883 5
1884 5
1885 5
1886 5
1887 5
1888 5
1889 0
1890 0
1891 3
1892 3
1893 3
1894 3
1895 3
1896 3
1897 3
1898 0
1899 0
1900 0
1901 0
1902 0
1903 5
1904 5
1905 5
1906 5
1907 5
1908 5
1909 1
1910 1
1911 1
1912 6
1913 6
1914 6
1915 6
1916 3
1917 3
1918 6
1919 6
1920 6
1921 6
1922 1
1923 1
1924 1
1925 1
1926 1
1927 1
1928 1
1929 1
1930 1
1931 1
1932 1
1933 1
1934 3
1935 3
1936 3
1937 3
1938 3
1939 3
1940 3
1941 6
1942 6
1943 6
1944 6
1945 6
1946 1
1947 1
1948 1
1949 1
1950 1
1951 1
1952 1
1953 1
1954 1
1955 1
1956 1
1957 1
1958 1
1959 1
1960 1
1961 1
1962 1
1963 1
1964 1
1965 1
1966 1
1967 1
1968 1
1969 1
1970 1
1971 1
1972 1
1973 6
1974 6
1975 6
1976 6
1977 6
1978 6
1979 6
1980 6
1981 3
1982 3
1983 3
1984 3
1985 3
1986 3
1987 3
1988 3
1989 3
1990 3
1991 3
1992 3
1993 3
1994 3
1995 3
1996 3
1997 6
1998 6
1999 6
2000 6
2001 6
2002 6
2003 6
2004 6
2005 1
2006 1
2007 1
2008 1
2009 1
2010 1
2011 1
2012 1
2013 1
2014 1
2015 1
2016 1
2017 1
2018 1
2019 1
2020 1
2021 1
2022 1
2023 1
2024 1
2025 1
2026 1
2027 1
2028 1
2029 1
2030 1
2031 1
2032 1
2033 1
2034 1
2035 1
2036 1
2037 1
2038 1
2039 1
2040 1
2041 1
2042 1
2043 1
2044 6
2045 6
2046 1
2047 1
2048 6
2049 6
2050 6
2051 6
2052 6
2053 6
2054 6
2055 6
2056 6
2057 3
2058 3
2059 3
2060 3
2061 3
2062 3
2063 3
2064 3
2065 3
2066 3
2067 3
2068 3
2069 3
2070 3
2071 3
2072 3
2073 6
2074 6
2075 6
2076 1
2077 1
2078 1
2079 1
2080 1
2081 1
2082 1
2083 1
2084 1
2085 1
2086 1
2087 1
2088 1
2089 1
2090 1
2091 1
2092 1
2093 1
2094 5
2095 5
2096 5
2097 5
2098 5
2099 5
2100 5
2101 5
2102 5
2103 5
2104 5
2105 5
2106 5
2107 5
2108 5
2109 5
2110 5
2111 5
2112 5
2113 5
2114 5
2115 5
2116 5
2117 5
2118 5
2119 5
2120 5
2121 5
2122 5
2123 5
2124 5
2125 5
2126 5
2127 0
2128 5
2129 0
2130 0
2131 0
2132 0
2133 0
2134 0
2135 0
2136 0
2137 3
2138 3
2139 3
2140 3
2141 3
2142 3
2143 3
2144 3
2145 3
2146 3
2147 3
2148 3
2149 3
2150 3
2151 3
2152 0
2153 0
2154 0
2155 0
2156 0
2157 0
2158 0
2159 0
2160 0
2161 0
2162 5
2163 5
2164 5
2165 5
2166 5
2167 5
2168 5
2169 5
2170 5
2171 5
2172 5
2173 5
2174 5
2175 5
2176 5
2177 5
2178 5
2179 5
2180 5
2181 5
2182 5
2183 5
2184 5
2185 5
2186 5
2187 5
2188 5
2189 5
2190 5
2191 5
2192 5
2193 5
2194 5
2195 5
2196 5
2197 5
2198 5
2199 5
2200 5
2201 5
2202 5
2203 5
2204 5
2205 5
2206 5
2207 5
2208 5
2209 5
2210 5
2211 5
2212 0
2213 0
2214 0
2215 3
2216 3
2217 3
2218 3
2219 3
2220 3
2221 3
2222 3
2223 3
2224 3
2225 3
2226 3
2227 3
2228 3
2229 3
2230 0
2231 0
2232 3
2233 0
2234 0
2235 0
2236 0
2237 5
2238 0
2239 5
2240 5
2241 5
2242 5
2243 5
2244 5
2245 5
2246 5
2247 5
2248 5
2249 5
2250 2
2251 2
2252 2
2253 2
2254 5
2255 2
2256 2
2257 2
2258 2
2259 2
2260 2
2261 2
2262 2
2263 2
2264 9
2265 9
2266 9
2267 9
2268 9
2269 9
2270 9
2271 9
2272 9
2273 9
2274 9
2275 7
2276 7
2277 7
2278 7
2279 9
2280 9
2281 7
2282 0
2283 0
2284 0
2285 0
2286 0
2287 0
2288 0
2289 0
2290 0
2291 3
2292 3
2293 3
2294 3
2295 3
2296 3
2297 3
2298 3
2299 3
2300 3
2301 0
2302 0
2303 0
2304 0
2305 0
2306 0
2307 7
2308 9
2309 9
2310 9
2311 9
2312 5
2313 5
2314 5
2315 9
2316 5
2317 9
2318 9
2319 2
2320 2
2321 2
2322 2
2323 9
2324 2
2325 11
2326 2
2327 2
2328 11
2329 11
2330 11
2331 11
2332 11
2333 2
2334 2
2335 2
2336 2
2337 2
2338 2
2339 11
2340 11
2341 11
2342 11
2343 11
2344 11
2345 11
2346 11
2347 11
2348 11
2349 11
2350 11
2351 7
2352 7
2353 7
2354 7
2355 7
2356 7
2357 7
2358 7
2359 7
2360 10
2361 10
2362 7
2363 10
2364 10
2365 10
2366 10
2367 10
2368 10
2369 3
2370 3
2371 3
2372 3
2373 3
2374 3
2375 3
2376 3
2377 3
2378 10
2379 10
2380 10
2381 7
2382 7
2383 7
2384 7
2385 7
2386 11
2387 11
2388 7
2389 7
2390 2
2391 2
2392 2
2393 2
2394 2
2395 2
2396 2
2397 2
2398 2
2399 2
2400 2
2401 2
2402 2
2403 2
2404 2
2405 11
2406 2
2407 2
2408 2
2409 2
2410 2
2411 2
2412 2
2413 2
2414 2
2415 4
2416 4
2417 4
2418 4
2419 4
2420 4
2421 4
2422 1
2423 1
2424 1
2425 4
2426 4
2427 4
2428 1
2429 4
2430 1
2431 8
2432 8
2433 8
2434 1
2435 8
2436 8
2437 8
2438 6
2439 6
2440 6
2441 6
2442 3
2443 3
2444 3
2445 3
2446 3
2447 3
2448 3
2449 3
2450 3
2451 3
2452 3
2453 3
2454 3
2455 3
2456 6
2457 6
2458 8
2459 8
2460 8
2461 8
2462 8
2463 8
2464 8
2465 8
2466 8
2467 4
2468 8
2469 4
2470 4
2471 4
2472 4
2473 4
2474 8
2475 4
2476 4
2477 4
2478 4
2479 4
2480 4
2481 4
2482 4
2483 4
2484 4
2485 4
2486 4
2487 4
2488 4
2489 4
2490 4
2491 4
2492 4
2493 4
2494 4
2495 4
2496 4
2497 4
2498 4
2499 4
2500 4
2501 4
2502 4
2503 4
2504 4
2505 11
2506 11
2507 4
2508 4
2509 4
2510 4
2511 4
2512 4
2513 4
2514 4
2515 4
2516 4
2517 4
2518 11
2519 4
2520 4
2521 8
2522 11
2523 11
2524 4
2525 11
2526 11
2527 11
2528 8
2529 8
2530 8
2531 8
2532 8
2533 8
2534 10
2535 10
2536 10
2537 10
2538 10
2539 10
2540 10
2541 3
2542 3
2543 3
2544 3
2545 3
2546 3
2547 3
2548 3
2549 10
2550 10
2551 10
2552 10
2553 10
2554 10
2555 8
2556 8
2557 8
2558 8
2559 8
2560 4
2561 4
2562 4
2563 10
2564 8
2565 11
2566 11
2567 11
2568 4
2569 1
2570 1
2571 1
2572 1
2573 6
2574 6
2575 6
2576 6
2577 1
2578 7
2579 10
2580 11
2581 11
2582 2
2583 2
2584 11
2585 9
2586 0
2587 0
2588 3
2589 3
2590 9
2591 9
2592 9
2593 9
2594 3
2595 3
2596 3
2597 3
2598 3
2599 3
2600 3
2601 3
2602 3
2603 5
2604 5
2605 5
2606 5
2607 5
2608 5
2609 1
2610 1
2611 1
2612 1
2613 1
2614 1
2615 1
2616 1
2617 1
2618 1
2619 1
2620 1
2621 1
2622 1
2623 1
2624 1
2625 1
2626 1
2627 1
2628 1
2629 1
2630 1
2631 1
2632 1
2633 1
2634 1
2635 1
2636 1
2637 1
2638 1
2639 1
2640 1
2641 1
2642 1
2643 1
2644 1
2645 1
2646 1
2647 1
2648 1
2649 1
2650 1
2651 1
2652 1
2653 1
2654 1
2655 1
2656 1
2657 1
2658 1
2659 1
2660 1
2661 1
2662 1
2663 1
2664 6
2665 6
2666 6
2667 6
2668 6
2669 6
2670 6
2671 6
2672 6
2673 6
2674 6
2675 6
2676 6
2677 6
2678 6
2679 6
2680 6
2681 6
2682 3
2683 3
2684 3
2685 3
2686 3
2687 3
2688 3
2689 3
2690 3
2691 3
2692 3
2693 3
2694 3
2695 3
2696 3
2697 3
2698 3
2699 3
2700 6
2701 6
2702 6
2703 6
2704 6
2705 6
2706 6
2707 6
2708 6
2709 6
2710 6
2711 6
2712 6
2713 6
2714 6
2715 6
2716 1
2717 1
2718 1
2719 1
2720 1
2721 1
2722 1
2723 1
2724 1
2725 1
2726 1
2727 1
2728 1
2729 1
2730 1
2731 1
2732 1
2733 1
2734 1
2735 1
2736 1
2737 1
2738 1
2739 1
2740 1
2741 1
2742 1
2743 1
2744 1
2745 1
2746 1
2747 1
2748 1
2749 1
2750 1
2751 1
2752 1
2753 1
2754 1
2755 1
2756 1
2757 1
2758 1
2759 1
2760 1
2761 1
2762 1
2763 1
2764 1
2765 1
2766 1
2767 6
2768 6
2769 6
2770 6
2771 6
2772 6
2773 1
2774 6
2775 6
2776 6
2777 6
2778 6
2779 6
2780 6
2781 6
2782 6
2783 6
2784 6
2785 3
2786 3
2787 3
2788 3
2789 3
2790 3
2791 3
2792 3
2793 3
2794 3
2795 6
2796 6
2797 6
2798 6
2799 6
2800 6
2801 6
2802 6
2803 6
2804 1
2805 1
2806 1
2807 1
2808 1
2809 1
2810 1
2811 1
2812 1
2813 1
2814 1
2815 1
2816 1
2817 1
2818 1
2819 1
2820 1
2821 1
2822 1
2823 1
2824 1
2825 1
2826 1
2827 1
2828 1
2829 1
2830 5
2831 5
2832 5
2833 5
2834 5
2835 5
2836 5
2837 5
2838 5
2839 5
2840 5
2841 5
2842 5
2843 5
2844 5
2845 5
2846 5
2847 5
2848 5
2849 9
2850 5
2851 9
2852 9
2853 5
2854 5
2855 5
2856 5
2857 5
2858 5
2859 5
2860 5
2861 5
2862 5
2863 9
2864 9
2865 5
2866 0
2867 0
2868 0
2869 0
2870 5
2871 0
2872 0
2873 0
2874 0
2875 0
2876 0
2877 0
2878 0
2879 0
2880 0
2881 0
2882 0
2883 3
2884 3
2885 3
2886 3
2887 0
2888 3
2889 0
2890 3
2891 3
2892 3
2893 3
2894 3
2895 3
2896 3
2897 3
2898 3
2899 3
2900 3
2901 3
2902 3
2903 0
2904 0
2905 0
2906 0
2907 0
2908 0
2909 0
2910 0
2911 0
2912 0
2913 0
2914 0
2915 0
2916 5
2917 5
2918 5
2919 5
2920 5
2921 5
2922 5
2923 5
2924 5
2925 5
2926 5
2927 5
2928 5
2929 5
2930 5
2931 5
2932 5
2933 5
2934 5
2935 5
2936 5
2937 5
2938 5
2939 5
2940 5
2941 5
2942 5
2943 5
2944 5
2945 5
2946 5
2947 5
2948 5
2949 5
2950 5
2951 5
2952 5
2953 5
2954 5
2955 5
2956 5
2957 5
2958 5
2959 5
2960 5
2961 5
2962 5
2963 5
2964 5
2965 5
2966 5
2967 5
2968 5
2969 5
2970 5
2971 5
2972 5
2973 5
2974 5
2975 5
2976 5
2977 5
2978 5
2979 5
2980 5
2981 5
2982 5
2983 5
2984 5
2985 5
2986 5
2987 5
2988 0
2989 5
2990 0
2991 5
2992 0
2993 0
2994 0
2995 0
2996 0
2997 0
2998 0
2999 0
3000 0
3001 0
3002 0
3003 0
3004 3
3005 3
3006 3
3007 3
3008 3
3009 3
3010 3
3011 3
3012 3
3013 3
3014 3
3015 0
3016 0
3017 0
3018 0
3019 0
3020 0
3021 5
3022 0
3023 5
3024 0
3025 5
3026 5
3027 5
3028 5
3029 5
3030 5
3031 5
3032 5
3033 5
3034 2
3035 2
3036 2
3037 2
3038 2
3039 2
3040 2
3041 2
3042 2
3043 2
3044 2
3045 2
3046 2
3047 2
3048 2
3049 2
3050 2
3051 2
3052 2
3053 2
3054 2
3055 2
3056 2
3057 2
3058 2
3059 2
3060 2
3061 2
3062 2
3063 2
3064 2
3065 2
3066 2
3067 2
3068 2
3069 2
3070 9
3071 9
3072 9
3073 9
3074 9
3075 9
3076 9
3077 9
3078 9
3079 9
3080 9
3081 9
3082 9
3083 2
3084 9
3085 9
3086 9
3087 9
3088 9
3089 9
3090 9
3091 9
3092 7
3093 9
3094 9
3095 0
3096 7
3097 7
3098 9
3099 9
3100 7
3101 7
3102 7
3103 10
3104 0
3105 7
3106 0
3107 10
3108 0
3109 0
3110 0
3111 0
3112 0
3113 10
3114 0
3115 3
3116 3
3117 0
3118 3
3119 3
3120 3
3121 3
3122 3
3123 3
3124 3
3125 3
3126 3
3127 3
3128 3
3129 3
3130 3
3131 3
3132 3
3133 3
3134 3
3135 3
3136 3
3137 3
3138 0
3139 0
3140 0
3141 0
3142 0
3143 0
3144 0
3145 0
3146 0
3147 0
3148 0
3149 9
3150 5
3151 9
3152 9
3153 0
3154 0
3155 9
3156 2
3157 9
3158 9
3159 9
3160 9
3161 9
3162 5
3163 5
3164 5
3165 2
3166 9
3167 9
3168 9
3169 9
3170 9
3171 9
3172 9
3173 9
3174 9
3175 9
3176 9
3177 2
3178 2
3179 11
3180 2
3181 2
3182 2
3183 11
3184 11
3185 11
3186 11
3187 11
3188 2
3189 11
3190 2
3191 11
3192 11
3193 11
3194 11
3195 11
3196 11
3197 11
3198 11
3199 11
3200 2
3201 11
3202 11
3203 11
3204 11
3205 11
3206 11
3207 11
3208 11
3209 11
3210 11
3211 11
3212 11
3213 11
3214 11
3215 11
3216 11
3217 11
3218 11
3219 11
3220 11
3221 11
3222 11
3223 11
3224 11
3225 11
3226 11
3227 11
3228 11
3229 11
3230 11
3231 11
3232 7
3233 7
3234 7
3235 7
3236 7
3237 7
3238 7
3239 7
3240 7
3241 7
3242 7
3243 11
3244 7
3245 10
3246 7
3247 7
3248 7
3249 10
3250 7
3251 10
3252 10
3253 10
3254 10
3255 10
3256 10
3257 3
3258 3
3259 10
3260 10
3261 3
3262 3
3263 3
3264 3
3265 3
3266 3
3267 3
3268 3
3269 3
3270 3
3271 3
3272 3
3273 3
3274 3
3275 3
3276 3
3277 3
3278 3
3279 3
3280 3
3281 10
3282 10
3283 10
3284 10
3285 10
3286 10
3287 10
3288 7
3289 7
3290 7
3291 7
3292 7
3293 7
3294 11
3295 2
3296 2
3297 7
3298 7
3299 2
3300 2
3301 2
3302 2
3303 2
3304 2
3305 2
3306 2
3307 2
3308 2
3309 2
3310 2
3311 2
3312 2
3313 2
3314 2
3315 2
3316 2
3317 2
3318 2
3319 2
3320 2
3321 2
3322 2
3323 2
3324 2
3325 2
3326 2
3327 2
3328 2
3329 2
3330 2
3331 11
3332 11
3333 11
3334 11
3335 2
3336 11
3337 2
3338 2
3339 11
3340 2
3341 2
3342 2
3343 2
3344 2
3345 2
3346 2
3347 4
3348 4
3349 4
3350 4
3351 4
3352 4
3353 1
3354 4
3355 4
3356 4
3357 4
3358 4
3359 4
3360 4
3361 4
3362 4
3363 1
3364 1
3365 1
3366 1
3367 1
3368 4
3369 4
3370 4
3371 4
3372 8
3373 8
3374 8
3375 8
3376 6
3377 8
3378 8
3379 8
3380 6
3381 6
3382 6
3383 6
3384 6
3385 6
3386 6
3387 6
3388 6
3389 3
3390 3
3391 3
3392 3
3393 3
3394 3
3395 3
3396 3
3397 3
3398 3
3399 3
3400 3
3401 3
3402 3
3403 3
3404 3
3405 3
3406 3
3407 3
3408 3
3409 6
3410 6
3411 6
3412 6
3413 10
3414 6
3415 6
3416 8
3417 6
3418 10
3419 8
3420 8
3421 8
3422 8
3423 8
3424 8
3425 8
3426 8
3427 8
3428 8
3429 8
3430 8
3431 8
3432 8
3433 8
3434 4
3435 4
3436 4
3437 4
3438 4
3439 4
3440 8
3441 8
3442 4
3443 4
3444 4
3445 1
3446 1
3447 1
3448 4
3449 4
3450 4
3451 4
3452 4
3453 4
3454 4
3455 4
3456 4
3457 4
3458 4
3459 4
3460 4
3461 4
3462 4
3463 4
3464 4
3465 4
3466 4
3467 4
3468 4
3469 4
3470 4
3471 4
3472 4
3473 4
3474 4
3475 4
3476 4
3477 4
3478 4
3479 4
3480 4
3481 4
3482 4
3483 4
3484 4
3485 4
3486 4
3487 4
3488 4
3489 4
3490 4
3491 4
3492 11
3493 11
3494 11
3495 11
3496 11
3497 11
3498 11
3499 11
3500 11
3501 11
3502 11
3503 11
3504 4
3505 4
3506 4
3507 4
3508 4
3509 4
3510 4
3511 4
3512 4
3513 4
3514 4
3515 11
3516 4
3517 4
3518 4
3519 4
3520 4
3521 4
3522 4
3523 4
3524 4
3525 4
3526 4
3527 4
3528 4
3529 4
3530 4
3531 8
3532 8
3533 8
3534 4
3535 11
3536 11
3537 11
3538 11
3539 11
3540 11
3541 8
3542 8
3543 8
3544 8
3545 8
3546 8
3547 10
3548 10
3549 10
3550 10
3551 10
3552 10
3553 10
3554 8
3555 10
3556 10
3557 3
3558 3
3559 3
3560 3
3561 3
3562 3
3563 3
3564 3
3565 3
3566 3
3567 3
3568 3
3569 3
3570 3
3571 3
3572 3
3573 3
3574 10
3575 10
3576 3
3577 10
3578 10
3579 10
3580 10
3581 10
3582 7
3583 10
3584 8
3585 10
3586 8
3587 8
3588 8
3589 8
3590 8
3591 8
3592 8
3593 8
3594 8
3595 8
3596 11
3597 11
3598 11
3599 11
3600 11
3601 11
3602 11
3603 11
3604 11
3605 11
3606 11
3607 11
3608 11
3609 11
3610 11
3611 11
3612 4
3613 4
3614 11
3615 11
3616 11
3617 11
3618 11
3619 4
3620 4
3621 11
3622 11
3623 1
3624 1
3625 1
3626 1
3627 1
3628 6
3629 6
3630 8
3631 8
3632 11
3633 11
3634 2
3635 0
3636 0
3637 0
3638 9
3639 9
3640 9
3641 9
3642 9
3643 3
3644 3
3645 3
3646 3
3647 3
3648 3
3649 3
3650 3
3651 3
3652 3
3653 3
3654 3
3655 3
3656 3
3657 3
3658 3
3659 3
3660 3
3661 3
3662 3
3663 3
3664 3
3665 3
3666 5
3667 5
3668 1
3669 1
3670 1
3671 1
3672 1
3673 1
3674 1
3675 1
3676 1
3677 1
3678 1
3679 1
3680 1
3681 1
3682 6
3683 6
3684 6
3685 6
3686 6
3687 6
3688 6
3689 6
3690 6
3691 3
3692 6
3693 1
3694 1
3695 6
3696 6
3697 1
3698 1
3699 1
3700 1
3701 1
3702 1
3703 1
3704 1
3705 1
3706 1
3707 1
3708 1
3709 1
3710 1
3711 1
3712 1
3713 6
3714 6
3715 1
3716 1
3717 6
3718 6
3719 6
3720 1
3721 1
3722 5
3723 5
3724 9
3725 9
3726 9
3727 9
3728 9
3729 5
3730 5
3731 5
3732 5
3733 0
3734 0
3735 0
3736 0
3737 0
3738 0
3739 3
3740 0
3741 0
3742 0
3743 5
3744 5
3745 5
3746 5
3747 5
3748 5
3749 5
3750 5
3751 5
3752 5
3753 5
3754 5
3755 5
3756 5
3757 5
3758 0
3759 5
3760 2
3761 2
3762 2
3763 2
3764 2
3765 2
3766 7
3767 7
3768 9
3769 9
3770 9
3771 9
3772 7
3773 10
3774 10
3775 0
3776 10
3777 3
3778 3
3779 0
3780 9
3781 9
3782 9
3783 9
3784 9
3785 9
3786 5
3787 9
3788 9
3789 9
3790 9
3791 9
3792 9
3793 9
3794 11
3795 11
3796 11
3797 11
3798 11
3799 11
3800 11
3801 2
3802 7
3803 7
3804 7
3805 10
3806 7
3807 10
3808 7
3809 7
3810 2
3811 2
3812 2
3813 2
3814 4
3815 1
3816 4
3817 4
3818 4
3819 4
3820 1
3821 4
3822 1
3823 1
3824 1
3825 4
3826 6
3827 6
3828 6
3829 10
3830 8
3831 8
3832 8
3833 8
3834 8
3835 8
3836 8
3837 4
3838 4
3839 4
3840 4
3841 4
3842 11
3843 4
3844 4
3845 4
3846 4
3847 4
3848 8
3849 11
3850 11
3851 11
3852 10
3853 7
3854 11
3855 11
3856 11
3857 11
3858 11
3859 11
3860 11
3861 11
3862 11
3863 11
3864 11
3865 11
3866 11
3867 1
3868 1
3869 1
3870 8
3871 9
3872 9
3873 3
3874 3
3875 1
3876 1
3877 1
3878 6
3879 6
3880 6
3881 1
3882 1
3883 1
3884 1
3885 1
3886 1
3887 1
3888 1
3889 9
3890 5
3891 5
3892 5
3893 0
3894 0
3895 0
3896 5
3897 5
3898 5
3899 5
3900 2
3901 2
3902 2
3903 2
3904 9
3905 7
3906 9
3907 11
3908 11
3909 7
3910 7
3911 2
3912 2
3913 2
3914 4
3915 8
3916 4
3917 4
3918 4
3919 4
3920 4
3921 4
3922 4
3923 2
3924 2
3925 2
3926 2
3927 2
3928 11
3929 11
3930 4
3931 4
3932 4
3933 4
3934 4
3935 2
3936 2
3937 2
3938 2
3939 2
3940 4
3941 4
3942 4
3943 4
3944 4
3945 4
3946 4
3947 4
3948 4
3949 4
3950 4
3951 4
3952 4
3953 4
3954 4
3955 4
3956 4
3957 4
3958 4
3959 4
3960 4
3961 4
3962 4
3963 4
3964 4
3965 2
3966 2
3967 2
3968 2
3969 2
3970 2
3971 2
3972 2
3973 2
3974 2
3975 2
3976 2
3977 2
3978 2
3979 2
3980 2
3981 2
3982 2
3983 2
3984 2
3985 4
3986 4
3987 4
3988 4
3989 4
3990 2
3991 2
3992 2
3993 2
3994 2
3995 4
3996 4
3997 4
3998 4
3999 4
4000 4
4001 4
4002 4
4003 4
4004 4
4005 4
4006 4
4007 4
4008 4
4009 4
4010 4
4011 4
4012 4
4013 4
4014 4
4015 2
4016 2
4017 2
4018 2
4019 2
4020 2
4021 2
4022 2
4023 2
4024 2
4025 2
4026 2
4027 2
4028 2
4029 2
4030 2
4031 2
4032 2
4033 7
4034 7
4035 8
4036 7
4037 8
4038 8
4039 8
4040 8
4041 8
4042 7
4043 7
4044 7
4045 7
4046 7
4047 7
4048 7
4049 7
4050 7
4051 7
4052 7
4053 7
4054 7
4055 7
4056 11
4057 5
4058 5
4059 5
4060 0
4061 0
4062 5
4063 5
4064 0
4065 0
4066 0
4067 0
4068 0
4069 0
4070 0
4071 0
4072 0
4073 0
4074 5
4075 5
4076 5
4077 5
4078 5
4079 5
4080 5
4081 5
4082 5
4083 5
4084 5
4085 5
4086 5
4087 5
4088 5
4089 5
4090 5
4091 5
4092 1
4093 1
4094 1
4095 1
4096 1
4097 1
4098 1
4099 1
4100 1
4101 1
4102 1
4103 1
4104 1
4105 1
4106 1
4107 1
4108 1
4109 1
4110 1
4111 1
4112 1
4113 1
4114 1
4115 6
4116 6
4117 6
4118 6
4119 6
4120 6
4121 6
4122 6
4123 6
4124 6
4125 6
4126 6
4127 6
4128 6
4129 1
4130 1
4131 1
4132 1
4133 1
4134 1
4135 1
4136 1
4137 1
4138 1
4139 1
4140 1
4141 1
4142 1
4143 1
4144 1
4145 1
4146 1
4147 3
4148 3
4149 3
4150 3
4151 3
4152 3
4153 3
4154 3
4155 3
4156 1
4157 1
4158 1
4159 1
4160 1
4161 1
4162 1
4163 1
4164 1
4165 1
4166 8
4167 8
4168 8
4169 1
4170 8
4171 1
4172 1
4173 8
4174 8
4175 1
4176 4
4177 4
4178 4
4179 4
4180 4
4181 4
4182 4
4183 4
4184 4
4185 4
4186 4
4187 4
4188 4
4189 4
4190 4
4191 4
4192 4
4193 4
4194 4
4195 4
4196 4
4197 4
4198 4
4199 4
4200 8
4201 8
4202 8
4203 8
4204 8
4205 8
4206 8
4207 8
4208 8
4209 8
4210 8
4211 8
4212 8
4213 8
4214 8
4215 8
4216 8
4217 8
4218 8
4219 8
4220 8
4221 10
4222 8
4223 6
4224 6
4225 6
4226 6
4227 6
4228 6
4229 6
4230 6
4231 6
4232 6
4233 6
4234 6
4235 6
4236 6
4237 6
4238 6
4239 8
4240 7
4241 7
4242 10
4243 7
4244 7
4245 7
4246 7
4247 7
4248 7
4249 7
4250 7
4251 7
4252 7
4253 7
4254 7
4255 7
4256 7
4257 7
4258 7
4259 7
4260 2
4261 2
4262 2
4263 2
4264 2
4265 2
4266 2
4267 2
4268 2
4269 2
4270 2
4271 2
4272 2
4273 9
4274 9
4275 9
4276 9
4277 9
4278 9
4279 9
4280 9
4281 9
4282 2
4283 9
4284 9
4285 9
4286 9
4287 9
4288 9
4289 9
4290 9
4291 9
4292 9
4293 9
4294 9
4295 9
4296 9
4297 9
4298 9
4299 9
4300 9
4301 9
4302 9
4303 3
4304 3
4305 7
4306 9
4307 2
4308 5
4309 5
4310 5
4311 5
4312 5
4313 5
4314 5
4315 5
4316 5
4317 5
4318 5
4319 5
4320 5
4321 5
4322 5
4323 5
4324 5
4325 5
4326 5
4327 5
4328 5
4329 5
4330 5
4331 5
4332 5
4333 5
4334 5
4335 5
4336 5
4337 5
4338 5
4339 5
4340 5
4341 5
4342 5
4343 5
4344 0
4345 0
4346 0
4347 0
4348 0
4349 0
4350 0
4351 0
4352 0
4353 0
4354 0
4355 0
4356 1
4357 1
4358 1
4359 1
4360 1
4361 1
4362 1
4363 1
4364 1
4365 1
4366 1
4367 1
4368 1
4369 1
4370 1
4371 1
4372 6
4373 6
4374 6
4375 6
4376 6
4377 6
4378 6
4379 6
4380 1
4381 6
4382 1
4383 1
4384 6
4385 6
4386 6
4387 6
4388 6
4389 6
4390 6
4391 6
4392 6
4393 6
4394 6
4395 6
4396 1
4397 1
4398 3
4399 3
4400 3
4401 3
4402 11
4403 4
4404 4
4405 4
4406 11
4407 11
4408 10
4409 10
4410 10
4411 10
4412 10
4413 10
4414 10
4415 10
4416 10
4417 10
4418 10
4419 10
4420 10
4421 10
4422 10
4423 6
4424 10
4425 10
4426 10
4427 10
4428 10
4429 3
4430 3
4431 3
4432 3
4433 3
4434 3
4435 3
4436 10
4437 3
4438 3
4439 3
4440 4
4441 11
4442 11
4443 11
4444 11
4445 11
4446 11
4447 11
4448 11
4449 11
4450 11
4451 4
4452 4
4453 4
4454 4
4455 4
4456 4
4457 4
4458 4
4459 4
4460 4
4461 4
4462 4
4463 4
4464 4
4465 4
4466 4
4467 4
4468 8
4469 6
4470 6
4471 6
4472 6
4473 6
4474 6
4475 6
4476 6
4477 6
4478 6
4479 3
4480 3
4481 3
4482 3
4483 3
4484 3
4485 3
4486 3
4487 3
4488 3
4489 3
4490 3
4491 3
4492 3
4493 8
4494 8
4495 4
4496 11
4497 11
4498 11
4499 2
4500 11
4501 11
4502 11
4503 11
4504 11
4505 11
4506 11
4507 11
4508 11
4509 2
4510 2
4511 10
4512 3
4513 3
4514 3
4515 3
4516 3
4517 3
4518 3
4519 10
4520 10
4521 10
4522 10
4523 10
4524 10
4525 10
4526 0
4527 10
4528 10
4529 10
4530 10
4531 11
4532 11
4533 11
4534 11
4535 2
4536 5
4537 9
4538 5
4539 0
4540 0
4541 0
4542 0
4543 0
4544 0
4545 0
4546 0
4547 0
4548 0
4549 0
4550 0
4551 0
4552 0
4553 0
4554 0
4555 0
4556 0
4557 0
4558 0
4559 0
4560 0
4561 0
4562 0
4563 0
4564 0
4565 3
4566 3
4567 3
4568 3
4569 3
4570 3
4571 3
4572 3
4573 3
4574 3
4575 7
4576 9
4577 2
4578 2
4579 2
4580 2
4581 2
4582 2
4583 2
4584 2
4585 2
4586 2
4587 2
4588 2
4589 2
4590 2
4591 2
4592 2
4593 0
4594 0
4595 0
4596 0
4597 0
4598 3
4599 3
4600 3
4601 3
4602 3
4603 3
4604 3
4605 3
4606 3
4607 3
4608 3
4609 0
4610 0
4611 0
4612 0
4613 0
4614 0
4615 0
4616 0
4617 0
4618 0
4619 0
4620 0
4621 0
4622 0
4623 5
4624 5
4625 5
4626 3
4627 3
4628 3
4629 3
4630 3
4631 3
4632 3
4633 3
4634 0
4635 0
4636 0
4637 0
4638 0
4639 0
4640 0
4641 0
4642 0
4643 5
4644 1
4645 6
4646 6
4647 6
4648 6
4649 6
4650 6
4651 3
4652 3
4653 3
4654 3
4655 3
4656 3
4657 3
4658 3
4659 3
4660 3
4661 6
4662 6
4663 6
4664 6
4665 6
4666 1
4667 1
4668 1
4669 1
4670 1
4671 1
4672 6
4673 6
4674 6
4675 6
4676 6
4677 6
4678 6
4679 6
4680 6
4681 6
4682 3
4683 3
4684 3
4685 3
4686 3
4687 3
4688 3
4689 3
4690 6
4691 1
4692 1
4693 1
4694 1
4695 1
4696 1
4697 1
4698 1
4699 1
4700 1
4701 1
4702 1
4703 1
4704 4
4705 11
4706 11
4707 11
4708 11
4709 8
4710 8
4711 8
4712 10
4713 8
4714 10
4715 3
4716 3
4717 3
4718 3
4719 3
4720 3
4721 8
4722 8
4723 8
4724 8
4725 4
4726 11
4727 8
4728 8
4729 11
4730 4
4731 4
4732 4
4733 4
4734 4
4735 4
4736 4
4737 4
4738 4
4739 11
4740 11
4741 11
4742 11
4743 4
4744 4
4745 4
4746 4
4747 4
4748 4
4749 4
4750 4
4751 4
4752 4
4753 4
4754 4
4755 4
4756 4
4757 4
4758 4
4759 4
4760 1
4761 4
4762 4
4763 4
4764 4
4765 4
4766 4
4767 4
4768 4
4769 4
4770 4
4771 4
4772 4
4773 4
4774 4
4775 4
4776 8
4777 4
4778 4
4779 4
4780 4
4781 8
4782 8
4783 8
4784 6
4785 6
4786 6
4787 3
4788 3
4789 3
4790 3
4791 3
4792 3
4793 6
4794 6
4795 6
4796 6
4797 8
4798 6
4799 1
4800 1
4801 1
4802 1
4803 1
4804 1
4805 1
4806 4
4807 4
4808 1
4809 1
4810 1
4811 4
4812 4
4813 4
4814 4
4815 2
4816 2
4817 2
4818 2
4819 2
4820 2
4821 2
4822 2
4823 2
4824 2
4825 11
4826 11
4827 11
4828 2
4829 2
4830 2
4831 2
4832 2
4833 2
4834 2
4835 2
4836 2
4837 2
4838 2
4839 7
4840 2
4841 7
4842 2
4843 7
4844 7
4845 7
4846 7
4847 3
4848 3
4849 3
4850 3
4851 3
4852 3
4853 10
4854 10
4855 7
4856 7
4857 7
4858 7
4859 7
4860 7
4861 7
4862 7
4863 2
4864 2
4865 2
4866 2
4867 2
4868 2
4869 2
4870 2
4871 2
4872 2
4873 2
4874 2
4875 5
4876 5
4877 9
4878 5
4879 9
4880 5
4881 5
4882 5
4883 5
4884 5
4885 9
4886 9
4887 0
4888 0
4889 0
4890 0
4891 0
4892 0
4893 3
4894 3
4895 3
4896 3
4897 3
4898 3
4899 0
4900 0
4901 0
4902 0
4903 0
4904 7
4905 7
4906 7
4907 9
4908 9
4909 2
4910 2
4911 2
4912 2
4913 9
4914 9
4915 2
4916 2
4917 2
4918 2
4919 2
4920 2
4921 2
4922 2
4923 2
4924 2
4925 2
4926 2
4927 5
4928 2
4929 2
4930 2
4931 2
4932 2
4933 2
4934 5
4935 2
4936 2
4937 5
4938 5
4939 5
4940 5
4941 5
4942 5
4943 5
4944 5
4945 5
4946 5
4947 5
4948 0
4949 0
4950 0
4951 0
4952 0
4953 0
4954 0
4955 3
4956 3
4957 3
4958 3
4959 3
4960 3
4961 3
4962 3
4963 0
4964 5
4965 5
4966 5
4967 5
4968 5
4969 5
4970 5
4971 5
4972 5
4973 5
4974 5
4975 5
4976 5
4977 5
4978 5
4979 5
4980 5
4981 5
4982 5
4983 5
4984 5
4985 5
4986 5
4987 5
4988 5
4989 5
4990 5
4991 5
4992 5
4993 5
4994 5
4995 5
4996 5
4997 5
4998 5
4999 5
5000 5
5001 5
5002 5
5003 5
5004 5
5005 5
5006 5
5007 5
5008 5
5009 5
5010 5
5011 5
5012 5
5013 0
5014 0
5015 0
5016 3
5017 3
5018 3
5019 3
5020 3
5021 0
5022 0
5023 0
5024 0
5025 0
5026 0
5027 5
5028 5
5029 0
5030 5
5031 5
5032 5
5033 5
5034 5
5035 5
5036 5
5037 5
5038 5
5039 5
5040 5
5041 5
5042 5
5043 5
5044 5
5045 5
5046 5
5047 5
5048 5
5049 5
5050 5
5051 5
5052 5
5053 5
5054 5
5055 5
5056 5
5057 5
5058 5
5059 5
5060 5
5061 5
5062 5
5063 5
5064 1
5065 1
5066 1
5067 1
5068 1
5069 1
5070 1
5071 1
5072 3
5073 3
5074 3
5075 3
5076 3
5077 3
5078 3
5079 3
5080 3
5081 6
5082 6
5083 6
5084 6
5085 6
5086 6
5087 6
5088 6
5089 6
5090 1
5091 1
5092 1
5093 1
5094 1
5095 1
5096 1
5097 1
5098 1
5099 1
5100 1
5101 1
5102 1
5103 1
5104 1
5105 1
5106 1
5107 1
5108 1
5109 1
5110 1
5111 1
5112 1
5113 1
5114 1
5115 1
5116 1
5117 1
5118 1
5119 1
5120 1
5121 1
5122 11
5123 11
5124 4
5125 11
5126 11
5127 8
5128 11
5129 7
5130 8
5131 8
5132 10
5133 10
5134 10
5135 3
5136 3
5137 3
5138 3
5139 3
5140 3
5141 3
5142 3
5143 3
5144 3
5145 3
5146 10
5147 10
5148 10
5149 10
5150 8
5151 8
5152 8
5153 8
5154 4
5155 4
5156 4
5157 4
5158 4
5159 4
5160 11
5161 4
5162 4
5163 4
5164 4
5165 4
5166 4
5167 11
5168 11
5169 11
5170 11
5171 4
5172 4
5173 4
5174 4
5175 4
5176 4
5177 8
5178 8
5179 6
5180 6
5181 6
5182 6
5183 6
5184 6
5185 3
5186 3
5187 3
5188 3
5189 3
5190 3
5191 3
5192 3
5193 3
5194 3
5195 6
5196 6
5197 8
5198 1
5199 1
5200 1
5201 1
5202 8
5203 8
5204 1
5205 1
5206 1
5207 1
5208 11
5209 2
5210 2
5211 2
5212 2
5213 2
5214 2
5215 2
5216 2
5217 11
5218 2
5219 2
5220 2
5221 2
5222 7
5223 10
5224 10
5225 3
5226 3
5227 3
5228 3
5229 3
5230 3
5231 3
5232 3
5233 3
5234 3
5235 3
5236 10
5237 10
5238 10
5239 7
5240 7
5241 7
5242 7
5243 7
5244 7
5245 7
5246 7
5247 9
5248 9
5249 9
5250 9
5251 9
5252 9
5253 9
5254 9
5255 0
5256 3
5257 3
5258 3
5259 3
5260 3
5261 3
5262 0
5263 0
5264 0
5265 0
5266 0
5267 0
5268 0
5269 0
5270 9
5271 7
5272 9
5273 9
5274 2
5275 2
5276 0
5277 0
5278 3
5279 3
5280 3
5281 3
5282 3
5283 0
5284 0
5285 5
5286 5
5287 5
5288 5
5289 5
5290 5
5291 5
5292 5
5293 5
5294 5
5295 5
5296 5
5297 5
5298 5
5299 5
5300 5
5301 5
5302 5
5303 5
5304 5
5305 5
5306 0
5307 0
5308 0
5309 3
5310 3
5311 3
5312 3
5313 3
5314 3
5315 3
5316 3
5317 0
5318 0
5319 0
5320 5
5321 0
5322 0
5323 5
5324 5
5325 5
5326 5
5327 5
5328 5
5329 1
5330 1
5331 1
5332 1
5333 1
5334 1
5335 1
5336 3
5337 3
5338 3
5339 3
5340 6
5341 6
5342 1
5343 1
5344 1
5345 1
5346 1
5347 1
5348 1
5349 6
5350 6
5351 1
5352 6
5353 6
5354 6
5355 6
5356 6
5357 3
5358 3
5359 3
5360 3
5361 3
5362 3
5363 3
5364 3
5365 3
5366 3
5367 3
5368 3
5369 3
5370 3
5371 6
5372 6
5373 6
5374 6
5375 6
5376 6
5377 6
5378 6
5379 1
5380 1
5381 1
5382 1
5383 1
5384 1
5385 1
5386 1
5387 1
5388 1
5389 1
5390 1
5391 1
5392 1
5393 1
5394 1
5395 1
5396 1
5397 1
5398 1
5399 1
5400 1
5401 1
5402 1
5403 1
5404 1
5405 1
5406 1
5407 1
5408 1
5409 1
5410 1
5411 1
5412 1
5413 1
5414 1
5415 1
5416 1
5417 1
5418 1
5419 1
5420 1
5421 1
5422 1
5423 1
5424 1
5425 1
5426 1
5427 1
5428 1
5429 1
5430 1
5431 1
5432 1
5433 1
5434 1
5435 1
5436 1
5437 1
5438 1
5439 1
5440 1
5441 1
5442 1
5443 1
5444 1
5445 1
5446 1
5447 1
5448 1
5449 1
5450 1
5451 1
5452 1
5453 1
5454 1
5455 1
5456 1
5457 1
5458 1
5459 1
5460 1
5461 1
5462 1
5463 1
5464 1
5465 1
5466 1
5467 1
5468 1
5469 1
5470 1
5471 1
5472 1
5473 1
5474 1
5475 1
5476 1
5477 1
5478 1
5479 1
5480 1
5481 1
5482 1
5483 1
5484 1
5485 1
5486 1
5487 1
5488 1
5489 1
5490 1
5491 1
5492 1
5493 1
5494 1
5495 1
5496 1
5497 1
5498 1
5499 1
5500 1
5501 1
5502 1
5503 6
5504 6
5505 6
5506 6
5507 6
5508 6
5509 6
5510 6
5511 6
5512 6
5513 6
5514 6
5515 6
5516 6
5517 6
5518 6
5519 6
5520 6
5521 6
5522 6
5523 6
5524 6
5525 6
5526 6
5527 6
5528 6
5529 6
5530 6
5531 6
5532 6
5533 6
5534 3
5535 3
5536 3
5537 3
5538 3
5539 3
5540 3
5541 3
5542 3
5543 3
5544 3
5545 3
5546 3
5547 3
5548 3
5549 3
5550 3
5551 3
5552 3
5553 3
5554 3
5555 3
5556 3
5557 3
5558 3
5559 3
5560 3
5561 3
5562 3
5563 3
5564 3
5565 3
5566 3
5567 3
5568 3
5569 3
5570 3
5571 3
5572 6
5573 3
5574 3
5575 3
5576 6
5577 6
5578 6
5579 6
5580 6
5581 6
5582 6
5583 6
5584 6
5585 6
5586 6
5587 6
5588 6
5589 6
5590 6
5591 6
5592 6
5593 6
5594 6
5595 6
5596 6
5597 6
5598 6
5599 6
5600 6
5601 6
5602 6
5603 6
5604 6
5605 6
5606 6
5607 1
5608 1
5609 6
5610 1
5611 6
5612 1
5613 6
5614 6
5615 6
5616 6
5617 6
5618 1
5619 1
5620 1
5621 1
5622 1
5623 1
5624 1
5625 1
5626 1
5627 1
5628 1
5629 1
5630 1
5631 1
5632 1
5633 1
5634 1
5635 1
5636 1
5637 1
5638 1
5639 1
5640 1
5641 1
5642 1
5643 1
5644 1
5645 1
5646 1
5647 1
5648 1
5649 1
5650 1
5651 1
5652 1
5653 1
5654 1
5655 1
5656 1
5657 1
5658 1
5659 1
5660 1
5661 1
5662 1
5663 1
5664 1
5665 1
5666 1
5667 1
5668 1
5669 1
5670 1
5671 1
5672 1
5673 1
5674 1
5675 1
5676 1
5677 1
5678 1
5679 1
5680 1
5681 1
5682 1
5683 1
5684 1
5685 1
5686 1
5687 1
5688 1
5689 1
5690 1
5691 1
5692 1
5693 1
5694 1
5695 1
5696 1
5697 1
5698 1
5699 1
5700 1
5701 1
5702 1
5703 1
5704 1
5705 1
5706 1
5707 1
5708 1
5709 1
5710 1
5711 1
5712 1
5713 1
5714 1
5715 6
5716 6
5717 6
5718 6
5719 6
5720 6
5721 1
5722 6
5723 1
5724 6
5725 6
5726 6
5727 6
5728 6
5729 6
5730 6
5731 6
5732 6
5733 6
5734 6
5735 6
5736 6
5737 6
5738 6
5739 6
5740 6
5741 6
5742 6
5743 6
5744 6
5745 6
5746 3
5747 6
5748 3
5749 6
5750 6
5751 6
5752 6
5753 3
5754 3
5755 3
5756 3
5757 3
5758 3
5759 3
5760 3
5761 3
5762 3
5763 3
5764 3
5765 3
5766 3
5767 3
5768 3
5769 3
5770 3
5771 3
5772 3
5773 3
5774 3
5775 3
5776 3
5777 3
5778 3
5779 3
5780 3
5781 3
5782 3
5783 3
5784 3
5785 3
5786 3
5787 3
5788 6
5789 3
5790 3
5791 6
5792 6
5793 6
5794 6
5795 6
5796 6
5797 6
5798 6
5799 6
5800 6
5801 6
5802 6
5803 6
5804 6
5805 6
5806 6
5807 6
5808 1
5809 1
5810 1
5811 1
5812 6
5813 1
5814 1
5815 1
5816 1
5817 1
5818 1
5819 1
5820 1
5821 1
5822 1
5823 1
5824 1
5825 1
5826 1
5827 1
5828 1
5829 1
5830 1
5831 1
5832 1
5833 1
5834 1
5835 1
5836 1
5837 1
5838 1
5839 1
5840 1
5841 1
5842 1
5843 1
5844 1
5845 1
5846 1
5847 1
5848 1
5849 1
5850 1
5851 1
5852 1
5853 1
5854 1
5855 1
5856 1
5857 1
5858 1
5859 1
5860 1
5861 1
5862 1
5863 5
5864 5
5865 5
5866 5
5867 5
5868 5
5869 5
5870 5
5871 5
5872 5
5873 5
5874 5
5875 5
5876 5
5877 5
5878 5
5879 5
5880 5
5881 5
5882 5
5883 5
5884 5
5885 5
5886 5
5887 5
5888 5
5889 5
5890 5
5891 5
5892 5
5893 5
5894 5
5895 5
5896 5
5897 5
5898 5
5899 5
5900 5
5901 5
5902 5
5903 5
5904 5
5905 5
5906 5
5907 5
5908 5
5909 5
5910 5
5911 5
5912 5
5913 9
5914 5
5915 5
5916 5
5917 9
5918 5
5919 9
5920 9
5921 5
5922 5
5923 5
5924 9
5925 9
5926 5
5927 9
5928 5
5929 5
5930 5
5931 5
5932 5
5933 0
5934 0
5935 0
5936 5
5937 5
5938 5
5939 5
5940 5
5941 5
5942 5
5943 0
5944 5
5945 5
5946 5
5947 5
5948 5
5949 0
5950 0
5951 0
5952 0
5953 0
5954 0
5955 0
5956 0
5957 0
5958 0
5959 0
5960 0
5961 0
5962 0
5963 0
5964 0
5965 0
5966 0
5967 0
5968 0
5969 0
5970 0
5971 0
5972 0
5973 0
5974 0
5975 0
5976 0
5977 0
5978 0
5979 0
5980 0
5981 0
5982 0
5983 0
5984 0
5985 0
5986 3
5987 3
5988 0
5989 0
5990 0
5991 3
5992 3
5993 3
5994 3
5995 3
5996 3
5997 3
5998 3
5999 3
6000 3
6001 3
6002 3
6003 3
6004 3
6005 3
6006 3
6007 3
6008 3
6009 3
6010 3
6011 3
6012 3
6013 3
6014 3
6015 3
6016 3
6017 3
6018 3
6019 3
6020 3
6021 3
6022 3
6023 3
6024 3
6025 3
6026 3
6027 3
6028 3
6029 3
6030 3
6031 3
6032 3
6033 3
6034 3
6035 3
6036 3
6037 0
6038 0
6039 0
6040 0
6041 0
6042 0
6043 0
6044 0
6045 0
6046 0
6047 0
6048 0
6049 0
6050 0
6051 0
6052 0
6053 0
6054 0
6055 0
6056 0
6057 0
6058 0
6059 0
6060 0
6061 0
6062 0
6063 0
6064 0
6065 0
6066 5
6067 5
6068 5
6069 5
6070 5
6071 5
6072 5
6073 5
6074 5
6075 5
6076 5
6077 5
6078 5
6079 5
6080 5
6081 5
6082 5
6083 5
6084 5
6085 5
6086 5
6087 5
6088 5
6089 5
6090 5
6091 5
6092 5
6093 5
6094 5
6095 5
6096 5
6097 5
6098 5
6099 5
6100 5
6101 5
6102 5
6103 5
6104 5
6105 5
6106 5
6107 5
6108 5
6109 5
6110 5
6111 5
6112 5
6113 5
6114 5
6115 5
6116 5
6117 5
6118 5
6119 5
6120 5
6121 5
6122 5
6123 5
6124 5
6125 5
6126 5
6127 5
6128 5
6129 5
6130 5
6131 5
6132 5
6133 5
6134 5
6135 5
6136 5
6137 5
6138 5
6139 5
6140 5
6141 5
6142 5
6143 5
6144 5
6145 5
6146 5
6147 5
6148 5
6149 5
6150 5
6151 5
6152 5
6153 5
6154 5
6155 5
6156 5
6157 5
6158 5
6159 5
6160 5
6161 5
6162 5
6163 5
6164 5
6165 5
6166 5
6167 5
6168 5
6169 5
6170 5
6171 5
6172 5
6173 5
6174 5
6175 5
6176 5
6177 5
6178 5
6179 5
6180 5
6181 5
6182 5
6183 5
6184 5
6185 5
6186 5
6187 5
6188 5
6189 5
6190 5
6191 5
6192 5
6193 5
6194 5
6195 5
6196 5
6197 5
6198 5
6199 5
6200 5
6201 5
6202 5
6203 5
6204 5
6205 5
6206 5
6207 5
6208 5
6209 5
6210 5
6211 5
6212 5
6213 5
6214 5
6215 5
6216 5
6217 5
6218 5
6219 5
6220 5
6221 5
6222 5
6223 5
6224 5
6225 5
6226 5
6227 5
6228 5
6229 5
6230 5
6231 5
6232 5
6233 5
6234 0
6235 0
6236 0
6237 0
6238 0
6239 0
6240 0
6241 0
6242 0
6243 0
6244 0
6245 0
6246 0
6247 0
6248 0
6249 0
6250 0
6251 0
6252 0
6253 0
6254 0
6255 3
6256 3
6257 3
6258 3
6259 0
6260 3
6261 3
6262 3
6263 3
6264 3
6265 3
6266 3
6267 3
6268 3
6269 3
6270 3
6271 3
6272 3
6273 3
6274 3
6275 3
6276 3
6277 3
6278 3
6279 3
6280 3
6281 3
6282 3
6283 3
6284 3
6285 3
6286 3
6287 3
6288 3
6289 3
6290 3
6291 3
6292 3
6293 3
6294 3
6295 0
6296 0
6297 0
6298 3
6299 0
6300 0
6301 0
6302 0
6303 0
6304 0
6305 0
6306 0
6307 0
6308 0
6309 0
6310 0
6311 0
6312 0
6313 0
6314 5
6315 5
6316 5
6317 5
6318 5
6319 0
6320 5
6321 0
6322 0
6323 0
6324 0
6325 5
6326 5
6327 5
6328 5
6329 5
6330 5
6331 5
6332 5
6333 5
6334 5
6335 5
6336 5
6337 5
6338 5
6339 5
6340 5
6341 5
6342 5
6343 5
6344 5
6345 5
6346 5
6347 5
6348 5
6349 5
6350 5
6351 5
6352 5
6353 2
6354 2
6355 2
6356 2
6357 2
6358 2
6359 2
6360 2
6361 2
6362 2
6363 2
6364 2
6365 2
6366 2
6367 2
6368 2
6369 2
6370 2
6371 2
6372 2
6373 2
6374 5
6375 2
6376 2
6377 2
6378 2
6379 2
6380 2
6381 2
6382 2
6383 2
6384 5
6385 2
6386 5
6387 5
6388 5
6389 5
6390 5
6391 5
6392 5
6393 2
6394 5
6395 2
6396 2
6397 2
6398 2
6399 2
6400 2
6401 2
6402 2
6403 2
6404 2
6405 2
6406 2
6407 2
6408 2
6409 2
6410 2
6411 2
6412 2
6413 2
6414 2
6415 2
6416 2
6417 2
6418 2
6419 2
6420 2
6421 2
6422 2
6423 2
6424 2
6425 2
6426 2
6427 2
6428 2
6429 2
6430 2
6431 2
6432 2
6433 2
6434 2
6435 2
6436 2
6437 2
6438 2
6439 2
6440 2
6441 2
6442 2
6443 2
6444 2
6445 2
6446 2
6447 9
6448 9
6449 9
6450 9
6451 9
6452 9
6453 9
6454 9
6455 9
6456 9
6457 9
6458 9
6459 9
6460 9
6461 9
6462 2
6463 9
6464 2
6465 2
6466 9
6467 2
6468 9
6469 9
6470 9
6471 2
6472 2
6473 2
6474 2
6475 2
6476 2
6477 9
6478 2
6479 9
6480 9
6481 9
6482 9
6483 9
6484 2
6485 7
6486 7
6487 7
6488 7
6489 7
6490 7
6491 9
6492 9
6493 7
6494 9
6495 9
6496 9
6497 9
6498 7
6499 7
6500 7
6501 7
6502 7
6503 7
6504 7
6505 7
6506 7
6507 7
6508 0
6509 0
6510 0
6511 0
6512 0
6513 0
6514 0
6515 0
6516 0
6517 0
6518 0
6519 0
6520 7
6521 0
6522 0
6523 0
6524 0
6525 0
6526 0
6527 0
6528 0
6529 0
6530 0
6531 0
6532 0
6533 0
6534 0
6535 0
6536 0
6537 0
6538 0
6539 10
6540 10
6541 0
6542 0
6543 0
6544 0
6545 3
6546 3
6547 3
6548 0
6549 3
6550 3
6551 3
6552 3
6553 3
6554 3
6555 3
6556 3
6557 3
6558 3
6559 3
6560 3
6561 3
6562 3
6563 3
6564 3
6565 3
6566 3
6567 3
6568 3
6569 3
6570 3
6571 3
6572 3
6573 3
6574 3
6575 3
6576 3
6577 3
6578 3
6579 3
6580 3
6581 3
6582 3
6583 3
6584 3
6585 3
6586 3
6587 3
6588 3
6589 3
6590 3
6591 3
6592 3
6593 3
6594 3
6595 3
6596 3
6597 3
6598 3
6599 0
6600 0
6601 0
6602 0
6603 0
6604 0
6605 0
6606 0
6607 0
6608 0
6609 0
6610 0
6611 0
6612 0
6613 0
6614 0
6615 9
6616 9
6617 9
6618 9
6619 9
6620 9
6621 9
6622 9
6623 9
6624 9
6625 9
6626 9
6627 9
6628 9
6629 9
6630 9
6631 9
6632 5
6633 5
6634 5
6635 5
6636 5
6637 5
6638 5
6639 5
6640 5
6641 5
6642 5
6643 2
6644 2
6645 2
6646 2
6647 2
6648 2
6649 9
6650 2
6651 2
6652 2
6653 2
6654 11
6655 11
6656 11
6657 2
6658 2
6659 2
6660 2
6661 2
6662 2
6663 2
6664 2
6665 2
6666 2
6667 11
6668 11
6669 11
6670 2
6671 11
6672 11
6673 11
6674 11
6675 11
6676 11
6677 11
6678 11
6679 2
6680 11
6681 11
6682 2
6683 2
6684 2
6685 2
6686 2
6687 2
6688 2
6689 2
6690 2
6691 2
6692 2
6693 2
6694 2
6695 2
6696 2
6697 2
6698 2
6699 2
6700 2
6701 2
6702 2
6703 2
6704 2
6705 2
6706 2
6707 11
6708 11
6709 11
6710 11
6711 11
6712 11
6713 11
6714 11
6715 11
6716 11
6717 11
6718 11
6719 11
6720 2
6721 2
6722 2
6723 11
6724 11
6725 11
6726 11
6727 11
6728 11
6729 11
6730 11
6731 11
6732 11
6733 11
6734 11
6735 11
6736 11
6737 11
6738 11
6739 11
6740 11
6741 11
6742 11
6743 11
6744 11
6745 11
6746 11
6747 11
6748 11
6749 11
6750 11
6751 2
6752 11
6753 11
6754 11
6755 11
6756 11
6757 11
6758 11
6759 7
6760 7
6761 7
6762 7
6763 7
6764 7
6765 7
6766 7
6767 7
6768 7
6769 7
6770 7
6771 7
6772 7
6773 7
6774 7
6775 7
6776 11
6777 11
6778 11
6779 7
6780 7
6781 7
6782 11
6783 11
6784 7
6785 7
6786 7
6787 7
6788 7
6789 7
6790 7
6791 7
6792 10
6793 7
6794 7
6795 7
6796 10
6797 10
6798 10
6799 10
6800 10
6801 7
6802 7
6803 7
6804 7
6805 10
6806 7
6807 10
6808 10
6809 10
6810 10
6811 10
6812 10
6813 10
6814 10
6815 10
6816 10
6817 10
6818 10
6819 10
6820 10
6821 3
6822 3
6823 10
6824 3
6825 10
6826 10
6827 10
6828 10
6829 10
6830 10
6831 3
6832 3
6833 3
6834 3
6835 3
6836 3
6837 3
6838 3
6839 3
6840 3
6841 3
6842 3
6843 3
6844 3
6845 3
6846 3
6847 3
6848 3
6849 3
6850 3
6851 3
6852 3
6853 3
6854 3
6855 3
6856 3
6857 3
6858 3
6859 3
6860 3
6861 3
6862 3
6863 3
6864 3
6865 3
6866 3
6867 3
6868 3
6869 3
6870 10
6871 10
6872 10
6873 10
6874 10
6875 10
6876 10
6877 10
6878 10
6879 10
6880 10
6881 7
6882 7
6883 7
6884 7
6885 7
6886 7
6887 7
6888 7
6889 7
6890 7
6891 7
6892 7
6893 7
6894 7
6895 7
6896 7
6897 7
6898 7
6899 7
6900 7
6901 7
6902 7
6903 2
6904 2
6905 2
6906 2
6907 2
6908 2
6909 2
6910 2
6911 2
6912 2
6913 11
6914 2
6915 2
6916 11
6917 7
6918 2
6919 2
6920 2
6921 2
6922 11
6923 11
6924 11
6925 11
6926 11
6927 7
6928 11
6929 7
6930 7
6931 2
6932 7
6933 2
6934 2
6935 2
6936 2
6937 2
6938 2
6939 2
6940 2
6941 2
6942 2
6943 2
6944 2
6945 2
6946 2
6947 2
6948 2
6949 2
6950 2
6951 2
6952 2
6953 2
6954 2
6955 2
6956 2
6957 2
6958 2
6959 2
6960 2
6961 2
6962 2
6963 2
6964 2
6965 2
6966 2
6967 2
6968 2
6969 2
6970 2
6971 2
6972 2
6973 2
6974 2
6975 2
6976 2
6977 2
6978 2
6979 2
6980 2
6981 2
6982 2
6983 2
6984 2
6985 2
6986 2
6987 2
6988 2
6989 2
6990 2
6991 2
6992 11
6993 11
6994 11
6995 11
6996 11
6997 11
6998 11
6999 2
7000 11
7001 11
7002 11
7003 11
7004 11
7005 2
7006 2
7007 2
7008 11
7009 2
7010 2
7011 2
7012 11
7013 2
7014 2
7015 11
7016 2
7017 2
7018 2
7019 2
7020 2
7021 2
7022 2
7023 2
7024 2
7025 2
7026 2
7027 2
7028 2
7029 2
7030 2
7031 2
7032 2
7033 2
7034 2
7035 2
7036 2
7037 2
7038 2
7039 2
7040 2
7041 2
7042 2
7043 2
7044 2
7045 2
7046 4
7047 4
7048 4
7049 4
7050 4
7051 4
7052 4
7053 4
7054 4
7055 4
7056 4
7057 1
7058 1
7059 1
7060 1
7061 1
7062 1
7063 1
7064 1
7065 1
7066 1
7067 1
7068 1
7069 1
7070 1
7071 8
7072 1
7073 1
7074 1
7075 8
7076 8
7077 8
7078 8
7079 8
7080 8
7081 8
7082 8
7083 8
7084 1
7085 8
7086 1
7087 1
7088 1
7089 6
7090 6
7091 6
7092 8
7093 8
7094 8
7095 8
7096 8
7097 8
7098 8
7099 6
7100 1
7101 6
7102 6
7103 6
7104 6
7105 6
7106 6
7107 6
7108 6
7109 6
7110 6
7111 6
7112 6
7113 3
7114 6
7115 6
7116 6
7117 6
7118 6
7119 6
7120 3
7121 3
7122 3
7123 3
7124 3
7125 6
7126 3
7127 3
7128 3
7129 3
7130 3
7131 3
7132 3
7133 3
7134 3
7135 3
7136 3
7137 3
7138 3
7139 3
7140 3
7141 3
7142 3
7143 3
7144 3
7145 3
7146 3
7147 3
7148 3
7149 3
7150 3
7151 3
7152 3
7153 3
7154 3
7155 3
7156 3
7157 3
7158 3
7159 3
7160 3
7161 3
7162 3
7163 3
7164 3
7165 3
7166 3
7167 3
7168 3
7169 6
7170 6
7171 6
7172 6
7173 6
7174 6
7175 10
7176 6
7177 6
7178 6
7179 6
7180 8
7181 6
7182 8
7183 6
7184 6
7185 10
7186 6
7187 10
7188 6
7189 8
7190 8
7191 8
7192 6
7193 6
7194 8
7195 8
7196 8
7197 8
7198 8
7199 8
7200 8
7201 8
7202 8
7203 8
7204 8
7205 8
7206 8
7207 8
7208 8
7209 8
7210 4
7211 4
7212 4
7213 4
7214 4
7215 4
7216 4
7217 4
7218 4
7219 4
7220 4
7221 4
7222 4
7223 4
7224 4
7225 4
7226 4
7227 4
7228 4
7229 4
7230 4
7231 4
7232 4
7233 4
7234 4
7235 1
7236 8
7237 8
7238 4
7239 4
7240 4
7241 4
7242 4
7243 4
7244 4
7245 4
7246 4
7247 4
7248 4
7249 4
7250 4
7251 4
7252 4
7253 4
7254 4
7255 4
7256 4
7257 4
7258 4
7259 4
7260 4
7261 4
7262 4
7263 4
7264 4
7265 4
7266 4
7267 4
7268 4
7269 4
7270 4
7271 4
7272 4
7273 4
7274 4
7275 4
7276 4
7277 4
7278 4
7279 4
7280 4
7281 4
7282 4
7283 4
7284 4
7285 4
7286 4
7287 4
7288 4
7289 4
7290 4
7291 4
7292 4
7293 4
7294 4
7295 4
7296 4
7297 4
7298 4
7299 4
7300 4
7301 1
7302 1
7303 1
7304 4
7305 4
7306 4
7307 4
7308 1
7309 1
7310 1
7311 1
7312 4
7313 4
7314 4
7315 4
7316 4
7317 4
7318 4
7319 4
7320 4
7321 4
7322 4
7323 4
7324 4
7325 4
7326 4
7327 4
7328 4
7329 4
7330 4
7331 4
7332 4
7333 4
7334 4
7335 4
7336 4
7337 4
7338 4
7339 4
7340 4
7341 4
7342 4
7343 4
7344 4
7345 11
7346 4
7347 4
7348 4
7349 4
7350 4
7351 4
7352 4
7353 4
7354 4
7355 4
7356 4
7357 4
7358 4
7359 4
7360 4
7361 4
7362 4
7363 4
7364 4
7365 4
7366 4
7367 4
7368 4
7369 4
7370 4
7371 4
7372 4
7373 4
7374 11
7375 11
7376 11
7377 11
7378 11
7379 11
7380 11
7381 11
7382 11
7383 11
7384 11
7385 11
7386 11
7387 11
7388 11
7389 11
7390 11
7391 11
7392 11
7393 11
7394 11
7395 11
7396 11
7397 11
7398 11
7399 11
7400 11
7401 11
7402 4
7403 4
7404 4
7405 4
7406 4
7407 4
7408 4
7409 4
7410 11
7411 4
7412 4
7413 4
7414 4
7415 4
7416 4
7417 4
7418 4
7419 4
7420 11
7421 4
7422 11
7423 11
7424 11
7425 4
7426 11
7427 11
7428 4
7429 4
7430 4
7431 4
7432 4
7433 4
7434 4
7435 4
7436 4
7437 4
7438 4
7439 4
7440 4
7441 4
7442 4
7443 4
7444 4
7445 4
7446 4
7447 4
7448 4
7449 4
7450 4
7451 4
7452 4
7453 11
7454 11
7455 11
7456 4
7457 4
7458 4
7459 8
7460 11
7461 11
7462 11
7463 11
7464 11
7465 11
7466 11
7467 11
7468 11
7469 11
7470 11
7471 11
7472 11
7473 11
7474 11
7475 4
7476 4
7477 4
7478 4
7479 4
7480 4
7481 4
7482 4
7483 8
7484 8
7485 8
7486 8
7487 8
7488 8
7489 8
7490 8
7491 8
7492 8
7493 8
7494 8
7495 8
7496 8
7497 8
7498 8
7499 8
7500 8
7501 8
7502 8
7503 8
7504 8
7505 8
7506 8
7507 8
7508 10
7509 10
7510 10
7511 10
7512 10
7513 10
7514 10
7515 10
7516 10
7517 10
7518 10
7519 10
7520 10
7521 10
7522 10
7523 3
7524 3
7525 3
7526 3
7527 3
7528 3
7529 3
7530 3
7531 3
7532 3
7533 3
7534 3
7535 3
7536 3
7537 3
7538 3
7539 3
7540 3
7541 3
7542 3
7543 3
7544 3
7545 3
7546 3
7547 3
7548 3
7549 3
7550 3
7551 3
7552 3
7553 3
7554 3
7555 3
7556 3
7557 3
7558 3
7559 10
7560 10
7561 10
7562 10
7563 3
7564 10
7565 3
7566 10
7567 10
7568 10
7569 10
7570 10
7571 10
7572 10
7573 10
7574 10
7575 10
7576 8
7577 8
7578 10
7579 10
7580 8
7581 8
7582 10
7583 10
7584 10
7585 10
7586 10
7587 8
7588 11
7589 11
7590 11
7591 11
7592 8
7593 8
7594 7
7595 11
7596 11
7597 11
7598 11
7599 11
7600 8
7601 8
7602 8
7603 8
7604 8
7605 8
7606 8
7607 8
7608 8
7609 8
7610 8
7611 8
7612 8
7613 8
7614 8
7615 11
7616 11
7617 11
7618 11
7619 11
7620 11
7621 11
7622 11
7623 11
7624 11
7625 11
7626 11
7627 11
7628 11
7629 11
7630 11
7631 11
7632 11
7633 11
7634 11
7635 11
7636 11
7637 11
7638 11
7639 11
7640 11
7641 11
7642 11
7643 11
7644 11
7645 11
7646 11
7647 11
7648 11
7649 11
7650 11
7651 11
7652 11
7653 11
7654 11
7655 11
7656 11
7657 11
7658 11
7659 11
7660 11
7661 11
7662 11
7663 11
7664 11
7665 11
7666 11
7667 11
7668 11
7669 11
7670 4
7671 4
7672 4
7673 4
7674 4
7675 4
7676 4
7677 4
7678 4
7679 4
7680 4
7681 4
7682 4
7683 4
7684 4
7685 4
7686 4
7687 4
7688 4
7689 4
7690 4
7691 11
7692 11
7693 11
7694 11
7695 11
7696 11
7697 11
7698 11
7699 4
7700 11
7701 11
7702 11
7703 11
7704 11
7705 11
7706 11
7707 11
7708 11
7709 11
7710 11
7711 4
7712 11
7713 11
7714 4
7715 11
7716 11
7717 1
7718 1
7719 1
7720 1
7721 1
7722 1
7723 11
7724 11
7725 11
7726 11
7727 11
7728 4
7729 4
7730 11
7731 11
7732 7
7733 11
7734 11
7735 11
7736 10
7737 10
7738 10
7739 10
7740 3
7741 3
7742 3
7743 3
7744 3
7745 3
7746 3
7747 3
7748 3
7749 3
7750 3
7751 10
7752 10
7753 10
7754 10
7755 10
7756 10
7757 10
7758 8
7759 8
7760 8
7761 8
7762 4
7763 4
7764 4
7765 4
7766 4
7767 4
7768 11
7769 11
7770 11
7771 4
7772 4
7773 4
7774 4
7775 1
7776 4
7777 8
7778 8
7779 6
7780 6
7781 6
7782 6
7783 6
7784 6
7785 6
7786 3
7787 3
7788 3
7789 3
7790 3
7791 3
7792 3
7793 3
7794 3
7795 3
7796 3
7797 3
7798 3
7799 3
7800 3
7801 3
7802 3
7803 6
7804 1
7805 1
7806 1
7807 1
7808 1
7809 1
7810 1
7811 1
7812 1
7813 8
7814 8
7815 1
7816 1
7817 1
7818 2
7819 2
7820 11
7821 7
7822 11
7823 2
7824 2
7825 2
7826 2
7827 2
7828 7
7829 7
7830 10
7831 10
7832 10
7833 3
7834 3
7835 3
7836 3
7837 3
7838 3
7839 3
7840 3
7841 3
7842 10
7843 10
7844 10
7845 10
7846 7
7847 7
7848 7
7849 11
7850 9
7851 9
7852 9
7853 9
7854 9
7855 9
7856 9
7857 9
7858 9
7859 9
7860 9
7861 3
7862 3
7863 3
7864 3
7865 3
7866 3
7867 3
7868 3
7869 3
7870 3
7871 3
7872 0
7873 0
7874 0
7875 0
7876 0
7877 0
7878 0
7879 0
7880 0
7881 0
7882 7
7883 7
7884 9
7885 5
7886 2
7887 0
7888 0
7889 0
7890 3
7891 3
7892 3
7893 3
7894 3
7895 3
7896 3
7897 3
7898 3
7899 3
7900 3
7901 3
7902 3
7903 3
7904 0
7905 0
7906 0
7907 5
7908 5
7909 5
7910 5
7911 5
7912 5
7913 5
7914 5
7915 5
7916 5
7917 5
7918 5
7919 5
7920 5
7921 5
7922 5
7923 5
7924 5
7925 5
7926 5
7927 5
7928 5
7929 5
7930 5
7931 5
7932 5
7933 5
7934 5
7935 5
7936 5
7937 5
7938 0
7939 0
7940 0
7941 3
7942 3
7943 3
7944 3
7945 3
7946 3
7947 3
7948 3
7949 0
7950 0
7951 0
7952 0
7953 5
7954 0
7955 5
7956 5
7957 5
7958 5
7959 5
7960 5
7961 1
7962 1
7963 1
7964 1
7965 1
7966 1
7967 1
7968 1
7969 1
7970 1
7971 1
7972 1
7973 3
7974 3
7975 3
7976 3
7977 3
7978 3
7979 3
7980 3
7981 3
7982 6
7983 6
7984 6
7985 1
7986 1
7987 1
7988 1
7989 1
7990 1
7991 1
7992 1
7993 6
7994 6
7995 1
7996 1
7997 1
7998 6
7999 6
8000 1
8001 1
8002 6
8003 3
8004 3
8005 3
8006 3
8007 3
8008 3
8009 3
8010 3
8011 3
8012 3
8013 3
8014 3
8015 3
8016 3
8017 3
8018 3
8019 6
8020 6
8021 6
8022 6
8023 6
8024 6
8025 6
8026 6
8027 1
8028 1
8029 1
8030 1
8031 1
8032 1
8033 1
8034 1
8035 1
8036 1
8037 1
8038 1
8039 1
8040 1
8041 1
8042 1
8043 1
8044 1
8045 1
8046 1
8047 1
8048 1
8049 1
8050 1
8051 1
8052 1
8053 1
8054 1
8055 1
8056 1
8057 1
8058 1
8059 1
8060 1
8061 1
8062 1
8063 1
8064 1
8065 1
8066 1
8067 1
8068 1
8069 1
8070 1
8071 1
8072 1
8073 1
8074 1
8075 1
8076 1
8077 1
8078 1
8079 1
8080 1
8081 1
8082 1
8083 1
8084 1
8085 1
8086 1
8087 1
8088 1
8089 1
8090 1
8091 1
8092 1
8093 1
8094 1
8095 1
8096 1
8097 1
8098 1
8099 1
8100 1
8101 1
8102 1
8103 1
8104 1
8105 1
8106 1
8107 1
8108 1
8109 1
8110 1
8111 1
8112 1
8113 6
8114 6
8115 6
8116 6
8117 6
8118 6
8119 6
8120 6
8121 6
8122 6
8123 6
8124 6
8125 6
8126 6
8127 6
8128 6
8129 6
8130 6
8131 6
8132 3
8133 3
8134 3
8135 3
8136 6
8137 3
8138 3
8139 3
8140 3
8141 3
8142 3
8143 3
8144 3
8145 3
8146 3
8147 3
8148 3
8149 3
8150 3
8151 6
8152 6
8153 6
8154 6
8155 6
8156 6
8157 6
8158 6
8159 6
8160 6
8161 6
8162 6
8163 6
8164 6
8165 6
8166 6
8167 6
8168 6
8169 6
8170 6
8171 1
8172 1
8173 1
8174 1
8175 1
8176 1
8177 1
8178 1
8179 1
8180 1
8181 1
8182 1
8183 1
8184 1
8185 1
8186 1
8187 1
8188 1
8189 1
8190 1
8191 1
8192 1
8193 1
8194 1
8195 1
8196 1
8197 1
8198 1
8199 1
8200 1
8201 1
8202 1
8203 1
8204 1
8205 1
8206 1
8207 1
8208 1
8209 1
8210 1
8211 1
8212 1
8213 1
8214 1
8215 1
8216 1
8217 1
8218 1
8219 1
8220 1
8221 1
8222 1
8223 1
8224 1
8225 1
8226 1
8227 1
8228 1
8229 1
8230 1
8231 6
8232 6
8233 6
8234 6
8235 6
8236 6
8237 6
8238 6
8239 6
8240 6
8241 6
8242 6
8243 6
8244 6
8245 6
8246 6
8247 6
8248 6
8249 6
8250 6
8251 6
8252 6
8253 6
8254 3
8255 3
8256 3
8257 3
8258 3
8259 3
8260 3
8261 3
8262 3
8263 3
8264 3
8265 3
8266 6
8267 6
8268 6
8269 6
8270 6
8271 6
8272 6
8273 6
8274 6
8275 6
8276 6
8277 6
8278 6
8279 6
8280 1
8281 1
8282 1
8283 1
8284 1
8285 1
8286 1
8287 1
8288 1
8289 1
8290 1
8291 1
8292 1
8293 1
8294 1
8295 1
8296 1
8297 1
8298 1
8299 1
8300 1
8301 1
8302 1
8303 1
8304 1
8305 1
8306 1
8307 1
8308 1
8309 1
8310 1
8311 1
8312 1
8313 1
8314 1
8315 5
8316 5
8317 5
8318 5
8319 5
8320 5
8321 5
8322 5
8323 5
8324 5
8325 5
8326 5
8327 5
8328 5
8329 5
8330 5
8331 5
8332 5
8333 5
8334 5
8335 5
8336 5
8337 5
8338 9
8339 9
8340 9
8341 9
8342 9
8343 9
8344 9
8345 9
8346 9
8347 9
8348 9
8349 5
8350 5
8351 5
8352 5
8353 5
8354 5
8355 0
8356 0
8357 0
8358 0
8359 0
8360 0
8361 0
8362 0
8363 0
8364 0
8365 0
8366 0
8367 0
8368 0
8369 0
8370 0
8371 0
8372 0
8373 0
8374 0
8375 0
8376 0
8377 0
8378 3
8379 3
8380 3
8381 0
8382 3
8383 3
8384 3
8385 3
8386 3
8387 3
8388 3
8389 3
8390 3
8391 3
8392 3
8393 3
8394 3
8395 3
8396 3
8397 3
8398 3
8399 3
8400 0
8401 0
8402 0
8403 0
8404 0
8405 0
8406 0
8407 0
8408 5
8409 5
8410 5
8411 5
8412 5
8413 5
8414 5
8415 5
8416 5
8417 5
8418 5
8419 5
8420 5
8421 5
8422 5
8423 5
8424 5
8425 5
8426 5
8427 5
8428 5
8429 5
8430 5
8431 5
8432 5
8433 5
8434 5
8435 5
8436 5
8437 5
8438 5
8439 5
8440 5
8441 5
8442 5
8443 5
8444 5
8445 5
8446 5
8447 5
8448 5
8449 5
8450 5
8451 5
8452 5
8453 5
8454 5
8455 5
8456 5
8457 5
8458 5
8459 5
8460 5
8461 5
8462 5
8463 5
8464 5
8465 5
8466 5
8467 5
8468 5
8469 5
8470 5
8471 5
8472 5
8473 5
8474 5
8475 5
8476 5
8477 5
8478 5
8479 5
8480 5
8481 5
8482 5
8483 5
8484 5
8485 5
8486 5
8487 5
8488 5
8489 5
8490 5
8491 5
8492 0
8493 0
8494 0
8495 0
8496 0
8497 0
8498 0
8499 0
8500 0
8501 0
8502 0
8503 0
8504 0
8505 0
8506 0
8507 0
8508 0
8509 0
8510 0
8511 0
8512 0
8513 0
8514 0
8515 0
8516 0
8517 0
8518 0
8519 0
8520 3
8521 3
8522 3
8523 3
8524 3
8525 3
8526 3
8527 3
8528 3
8529 3
8530 3
8531 0
8532 0
8533 0
8534 0
8535 0
8536 5
8537 5
8538 5
8539 0
8540 0
8541 5
8542 5
8543 5
8544 5
8545 5
8546 5
8547 5
8548 5
8549 5
8550 5
8551 5
8552 5
8553 5
8554 5
8555 5
8556 5
8557 5
8558 5
8559 5
8560 2
8561 2
8562 2
8563 2
8564 2
8565 2
8566 2
8567 2
8568 2
8569 5
8570 5
8571 5
8572 5
8573 5
8574 5
8575 5
8576 2
8577 2
8578 9
8579 9
8580 9
8581 9
8582 9
8583 9
8584 9
8585 9
8586 9
8587 9
8588 9
8589 9
8590 9
8591 9
8592 9
8593 9
8594 9
8595 9
8596 9
8597 9
8598 9
8599 9
8600 2
8601 2
8602 2
8603 2
8604 2
8605 2
8606 2
8607 2
8608 2
8609 2
8610 7
8611 7
8612 7
8613 7
8614 7
8615 7
8616 0
8617 10
8618 0
8619 0
8620 0
8621 10
8622 10
8623 0
8624 0
8625 0
8626 0
8627 0
8628 0
8629 0
8630 0
8631 0
8632 0
8633 0
8634 0
8635 10
8636 3
8637 3
8638 3
8639 3
8640 3
8641 3
8642 3
8643 3
8644 3
8645 3
8646 3
8647 3
8648 3
8649 3
8650 3
8651 3
8652 3
8653 0
8654 0
8655 0
8656 0
8657 0
8658 0
8659 0
8660 0
8661 0
8662 0
8663 9
8664 9
8665 9
8666 9
8667 9
8668 9
8669 9
8670 9
8671 9
8672 9
8673 9
8674 2
8675 2
8676 2
8677 11
8678 11
8679 11
8680 11
8681 11
8682 11
8683 11
8684 11
8685 11
8686 11
8687 11
8688 11
8689 11
8690 2
8691 2
8692 2
8693 2
8694 2
8695 2
8696 2
8697 2
8698 2
8699 2
8700 2
8701 2
8702 2
8703 2
8704 2
8705 2
8706 2
8707 2
8708 2
8709 11
8710 7
8711 7
8712 7
8713 11
8714 11
8715 7
8716 11
8717 11
8718 11
8719 11
8720 11
8721 11
8722 7
8723 11
8724 11
8725 11
8726 11
8727 11
8728 11
8729 11
8730 11
8731 7
8732 10
8733 10
8734 10
8735 10
8736 10
8737 10
8738 10
8739 10
8740 10
8741 10
8742 10
8743 3
8744 3
8745 3
8746 3
8747 10
8748 10
8749 10
8750 10
8751 10
8752 3
8753 3
8754 3
8755 3
8756 3
8757 3
8758 3
8759 3
8760 3
8761 3
8762 3
8763 3
8764 3
8765 3
8766 3
8767 3
8768 3
8769 10
8770 10
8771 10
8772 10
8773 7
8774 7
8775 7
8776 7
8777 7
8778 7
8779 7
8780 7
8781 7
8782 7
8783 7
8784 7
8785 7
8786 7
8787 7
8788 7
8789 7
8790 2
8791 2
8792 2
8793 11
8794 11
8795 11
8796 11
8797 11
8798 11
8799 11
8800 11
8801 11
8802 2
8803 2
8804 2
8805 2
8806 2
8807 2
8808 2
8809 2
8810 2
8811 2
8812 2
8813 2
8814 2
8815 2
8816 2
8817 2
8818 2
8819 2
8820 2
8821 2
8822 2
8823 2
8824 2
8825 2
8826 2
8827 2
8828 4
8829 4
8830 4
8831 4
8832 4
8833 4
8834 4
8835 4
8836 4
8837 1
8838 1
8839 1
8840 8
8841 1
8842 1
8843 1
8844 8
8845 1
8846 1
8847 1
8848 1
8849 1
8850 1
8851 1
8852 1
8853 1
8854 6
8855 6
8856 8
8857 8
8858 8
8859 8
8860 8
8861 8
8862 6
8863 6
8864 6
8865 6
8866 6
8867 6
8868 6
8869 6
8870 6
8871 6
8872 3
8873 6
8874 6
8875 6
8876 3
8877 3
8878 3
8879 3
8880 3
8881 3
8882 3
8883 3
8884 3
8885 3
8886 3
8887 3
8888 3
8889 6
8890 6
8891 6
8892 6
8893 10
8894 10
8895 10
8896 10
8897 8
8898 8
8899 8
8900 8
8901 8
8902 8
8903 4
8904 4
8905 4
8906 4
8907 4
8908 4
8909 4
8910 4
8911 4
8912 4
8913 4
8914 1
8915 4
8916 4
8917 4
8918 4
8919 4
8920 4
8921 4
8922 4
8923 4
8924 1
8925 1
8926 4
8927 4
8928 1
8929 1
8930 4
8931 1
8932 1
8933 4
8934 4
8935 4
8936 4
8937 4
8938 4
8939 4
8940 4
8941 4
8942 4
8943 4
8944 4
8945 4
8946 4
8947 4
8948 4
8949 4
8950 4
8951 4
8952 4
8953 4
8954 4
8955 4
8956 4
8957 4
8958 4
8959 4
8960 4
8961 4
8962 4
8963 4
8964 4
8965 11
8966 11
8967 11
8968 11
8969 11
8970 11
8971 11
8972 11
8973 11
8974 11
8975 11
8976 11
8977 11
8978 11
8979 11
8980 11
8981 11
8982 11
8983 11
8984 11
8985 11
8986 11
8987 4
8988 4
8989 4
8990 4
8991 4
8992 4
8993 4
8994 8
8995 8
8996 8
8997 8
8998 8
8999 8
9000 8
9001 8
9002 8
9003 8
9004 8
9005 8
9006 8
9007 8
9008 8
9009 8
9010 8
9011 8
9012 10
9013 10
9014 10
9015 10
9016 10
9017 10
9018 10
9019 10
9020 3
9021 3
9022 3
9023 3
9024 3
9025 3
9026 3
9027 3
9028 3
9029 3
9030 3
9031 3
9032 3
9033 3
9034 3
9035 3
9036 10
9037 3
9038 10
9039 10
9040 10
9041 10
9042 10
9043 10
9044 10
9045 10
9046 11
9047 11
9048 11
9049 11
9050 11
9051 11
9052 11
9053 11
9054 11
9055 4
9056 4
9057 4
9058 4
9059 4
9060 4
9061 4
9062 4
9063 11
9064 11
9065 11
9066 11
9067 11
9068 11
9069 11
9070 11
9071 11
9072 11
9073 11
9074 11
9075 11
9076 11
9077 10
9078 10
9079 10
9080 10
9081 3
9082 10
9083 10
9084 10
9085 6
9086 6
9087 6
9088 6
9089 6
9090 6
9091 3
9092 3
9093 3
9094 3
9095 3
9096 6
9097 3
9098 1
9099 1
9100 1
9101 1
9102 1
9103 1
9104 1
9105 1
9106 10
9107 3
9108 10
9109 10
9110 10
9111 9
9112 9
9113 9
9114 9
9115 9
9116 9
9117 9
9118 9
9119 3
9120 3
9121 0
9122 3
9123 3
9124 0
9125 0
9126 0
9127 0
9128 0
9129 0
9130 0
9131 0
9132 3
9133 0
9134 0
9135 5
9136 5
9137 5
9138 5
9139 5
9140 5
9141 5
9142 5
9143 5
9144 5
9145 5
9146 5
9147 5
9148 5
9149 5
9150 5
9151 5
9152 5
9153 5
9154 5
9155 5
9156 0
9157 0
9158 3
9159 0
9160 0
9161 0
9162 1
9163 1
9164 1
9165 1
9166 1
9167 1
9168 1
9169 3
9170 6
9171 6
9172 1
9173 3
9174 3
9175 6
9176 6
9177 6
9178 1
9179 1
9180 1
9181 1
9182 1
9183 1
9184 1
9185 1
9186 1
9187 1
9188 1
9189 1
9190 1
9191 1
9192 1
9193 1
9194 1
9195 1
9196 1
9197 1
9198 1
9199 1
9200 1
9201 1
9202 1
9203 1
9204 1
9205 1
9206 1
9207 1
9208 1
9209 1
9210 1
9211 1
9212 1
9213 1
9214 1
9215 1
9216 1
9217 6
9218 6
9219 6
9220 6
9221 6
9222 6
9223 6
9224 6
9225 3
9226 3
9227 3
9228 6
9229 6
9230 6
9231 6
9232 6
9233 6
9234 6
9235 6
9236 6
9237 1
9238 1
9239 1
9240 1
9241 1
9242 1
9243 1
9244 1
9245 1
9246 1
9247 1
9248 1
9249 1
9250 1
9251 1
9252 1
9253 1
9254 1
9255 1
9256 1
9257 1
9258 1
9259 1
9260 1
9261 6
9262 6
9263 6
9264 6
9265 6
9266 6
9267 3
9268 3
9269 6
9270 6
9271 6
9272 6
9273 6
9274 6
9275 6
9276 6
9277 6
9278 1
9279 1
9280 1
9281 1
9282 1
9283 1
9284 1
9285 1
9286 1
9287 1
9288 1
9289 1
9290 1
9291 1
9292 1
9293 1
9294 1
9295 1
9296 1
9297 1
9298 1
9299 1
9300 1
9301 1
9302 1
9303 1
9304 1
9305 1
9306 1
9307 5
9308 5
9309 5
9310 5
9311 5
9312 5
9313 5
9314 5
9315 5
9316 5
9317 5
9318 9
9319 9
9320 9
9321 9
9322 9
9323 9
9324 9
9325 5
9326 5
9327 5
9328 5
9329 5
9330 0
9331 0
9332 0
9333 0
9334 0
9335 0
9336 0
9337 0
9338 3
9339 3
9340 3
9341 3
9342 0
9343 0
9344 5
9345 5
9346 5
9347 5
9348 5
9349 5
9350 5
9351 5
9352 5
9353 5
9354 5
9355 5
9356 5
9357 5
9358 5
9359 5
9360 5
9361 5
9362 5
9363 5
9364 5
9365 5
9366 5
9367 5
9368 5
9369 5
9370 5
9371 5
9372 5
9373 5
9374 5
9375 5
9376 5
9377 5
9378 5
9379 5
9380 5
9381 5
9382 5
9383 5
9384 5
9385 5
9386 5
9387 5
9388 5
9389 5
9390 5
9391 5
9392 5
9393 5
9394 5
9395 5
9396 5
9397 0
9398 0
9399 0
9400 0
9401 0
9402 0
9403 0
9404 0
9405 0
9406 0
9407 0
9408 0
9409 0
9410 5
9411 5
9412 5
9413 5
9414 5
9415 5
9416 2
9417 2
9418 2
9419 2
9420 2
9421 9
9422 9
9423 9
9424 9
9425 9
9426 9
9427 9
9428 9
9429 9
9430 9
9431 2
9432 2
9433 2
9434 2
9435 7
9436 7
9437 7
9438 7
9439 10
9440 0
9441 0
9442 0
9443 0
9444 0
9445 0
9446 0
9447 0
9448 0
9449 0
9450 3
9451 3
9452 0
9453 0
9454 0
9455 0
9456 0
9457 0
9458 9
9459 9
9460 9
9461 11
9462 11
9463 11
9464 11
9465 11
9466 11
9467 11
9468 11
9469 11
9470 11
9471 11
9472 2
9473 2
9474 2
9475 2
9476 11
9477 11
9478 11
9479 11
9480 11
9481 11
9482 10
9483 10
9484 10
9485 10
9486 10
9487 3
9488 3
9489 10
9490 10
9491 10
9492 3
9493 7
9494 7
9495 7
9496 7
9497 7
9498 2
9499 2
9500 2
9501 2
9502 2
9503 2
9504 2
9505 2
9506 2
9507 2
9508 4
9509 4
9510 4
9511 1
9512 1
9513 1
9514 1
9515 6
9516 8
9517 8
9518 8
9519 6
9520 6
9521 6
9522 6
9523 6
9524 6
9525 6
9526 6
9527 6
9528 6
9529 6
9530 6
9531 6
9532 10
9533 8
9534 8
9535 8
9536 8
9537 4
9538 4
9539 4
9540 4
9541 4
9542 4
9543 4
9544 1
9545 1
9546 1
9547 1
9548 4
9549 4
9550 4
9551 4
9552 4
9553 4
9554 4
9555 4
9556 4
9557 4
9558 4
9559 4
9560 4
9561 4
9562 4
9563 4
9564 11
9565 11
9566 11
9567 11
9568 11
9569 4
9570 4
9571 8
9572 8
9573 8
9574 8
9575 8
9576 10
9577 10
9578 10
9579 10
9580 3
9581 3
9582 3
9583 10
9584 10
9585 4
9586 11
9587 11
9588 11
9589 11
9590 11
9591 11
9592 11
9593 11
9594 11
9595 11
9596 11
9597 11
9598 10
9599 8
9600 6
9601 6
9602 6
9603 6
9604 1
9605 1
9606 1
9607 1
9608 1
9609 10
9610 9
9611 9
9612 9
9613 9
9614 9
9615 0
9616 0
9617 0
9618 0
9619 0
9620 0
9621 5
9622 5
9623 5
9624 5
9625 5
9626 5
9627 5
9628 5
9629 5
9630 5
9631 5
9632 0
9633 0
9634 1
9635 1
9636 1
9637 1
9638 6
9639 1
9640 1
9641 1
9642 1
9643 1
9644 1
9645 1
9646 1
9647 1
9648 1
9649 1
9650 1
9651 1
9652 1
9653 1
9654 1
9655 1
9656 1
9657 1
9658 1
9659 1
9660 1
9661 1
9662 1
9663 1
9664 6
9665 6
9666 6
9667 6
9668 6
9669 6
9670 6
9671 1
9672 1
9673 1
9674 1
9675 1
9676 1
9677 1
9678 1
9679 1
9680 1
9681 1
9682 1
9683 6
9684 6
9685 1
9686 1
9687 1
9688 1
9689 1
9690 1
9691 1
9692 1
9693 1
9694 1
9695 1
9696 1
9697 1
9698 1
9699 1
9700 1
9701 1
9702 1
9703 1
9704 5
9705 5
9706 5
9707 5
9708 5
9709 5
9710 5
9711 5
9712 9
9713 9
9714 9
9715 9
9716 9
9717 9
9718 9
9719 5
9720 0
9721 0
9722 0
9723 0
9724 0
9725 5
9726 5
9727 5
9728 5
9729 5
9730 5
9731 5
9732 5
9733 5
9734 5
9735 5
9736 5
9737 5
9738 5
9739 5
9740 5
9741 5
9742 5
9743 5
9744 5
9745 5
9746 5
9747 5
9748 5
9749 5
9750 5
9751 5
9752 5
9753 5
9754 5
9755 5
9756 5
9757 5
9758 0
9759 5
9760 5
9761 2
9762 2
9763 2
9764 2
9765 2
9766 9
9767 9
9768 9
9769 9
9770 9
9771 9
9772 9
9773 2
9774 7
9775 7
9776 7
9777 0
9778 0
9779 0
9780 0
9781 0
9782 0
9783 0
9784 11
9785 11
9786 11
9787 11
9788 11
9789 11
9790 11
9791 11
9792 11
9793 11
9794 11
9795 2
9796 11
9797 10
9798 7
9799 7
9800 2
9801 2
9802 2
9803 2
9804 2
9805 4
9806 4
9807 8
9808 8
9809 8
9810 6
9811 6
9812 8
9813 8
9814 8
9815 4
9816 4
9817 4
9818 1
9819 1
9820 1
9821 1
9822 4
9823 4
9824 4
9825 4
9826 4
9827 4
9828 4
9829 4
9830 4
9831 4
9832 11
9833 8
9834 8
9835 11
9836 11
9837 11
9838 11
9839 11
9840 11
9841 11
9842 11
9843 11
9844 11
9845 11
9846 8
9847 8
9848 6
9849 1
9850 1
9851 1
9852 1
9853 9
9854 9
9855 9
9856 9
9857 0
9858 0
9859 0
9860 5
9861 5
9862 1
9863 1
9864 1
9865 1
9866 1
9867 1
9868 1
9869 1
9870 1
9871 1
9872 1
9873 1
9874 1
9875 1
9876 1
9877 1
9878 1
9879 1
9880 1
9881 1
9882 1
9883 1
9884 1
9885 1
9886 5
9887 5
9888 9
9889 9
9890 9
9891 9
9892 9
9893 9
9894 9
9895 5
9896 5
9897 5
9898 5
9899 5
9900 5
9901 5
9902 5
9903 5
9904 5
9905 5
9906 5
9907 5
9908 2
9909 2
9910 9
9911 9
9912 9
9913 9
9914 9
9915 9
9916 7
9917 0
9918 11
9919 11
9920 11
9921 11
9922 11
9923 11
9924 11
9925 11
9926 8
9927 8
9928 4
9929 4
9930 1
9931 1
9932 1
9933 1
9934 4
9935 4
9936 4
9937 4
9938 11
9939 11
9940 11
9941 11
9942 11
9943 11
9944 1
9945 9
9946 1
9947 1
9948 1
9949 1
9950 1
9951 1
9952 9
9953 9
9954 9
9955 9
9956 9
9957 9
9958 9
9959 9
9960 9
9961 9
9962 11
9963 11
9964 11
9965 11
9966 1
9967 1
9968 1
9969 11
9970 11
9971 11
9972 1
9973 1
9974 1
9975 9
9976 9
9977 9
9978 9
9979 9
9980 11
9981 1
9982 1
9983 1
9984 9
9985 1
9986 1
9987 1
9988 1
9989 1
9990 1
9991 1
9992 1
9993 1
9994 1
9995 1
9996 1
9997 1
9998 1
9999 1
10000 1
10001 1
10002 1
10003 1
10004 1
10005 1
10006 1
10007 1
10008 1
10009 1
10010 1
10011 1
10012 1
10013 1
10014 1
10015 1
10016 1
10017 1
10018 1
10019 1
10020 1
10021 1
10022 1
10023 1
10024 1
10025 1
10026 1
10027 1
10028 1
10029 1
10030 1
10031 1
10032 1
10033 1
10034 1
10035 1
10036 1
10037 1
10038 1
10039 4
10040 4
10041 4
10042 4
10043 4
10044 4
10045 4
10046 4
10047 4
10048 4
10049 4
10050 4
10051 4
10052 4
10053 4
10054 4
10055 4
10056 4
10057 4
10058 4
10059 4
10060 4
10061 4
10062 4
10063 4
10064 4
10065 4
10066 4
10067 4
10068 4
10069 4
10070 4
10071 4
10072 4
10073 4
10074 4
10075 4
10076 4
10077 4
10078 4
10079 4
10080 4
10081 4
10082 4
10083 1
10084 4
10085 4
10086 4
10087 4
10088 1
10089 4
10090 1
10091 1
10092 1
10093 1
10094 1
10095 1
10096 1
10097 1
10098 1
10099 1
10100 1
10101 1
10102 1
10103 1
10104 1
10105 1
10106 1
10107 1
10108 1
10109 1
10110 1
10111 1
10112 1
10113 1
10114 4
10115 4
10116 4
10117 4
10118 4
10119 1
10120 1
10121 1
10122 1
10123 4
10124 4
10125 1
10126 4
10127 4
10128 1
10129 1
10130 1
10131 1
10132 1
10133 9
10134 9
10135 9
10136 9
10137 9
10138 9
10139 9
10140 9
10141 9
10142 9
10143 9
10144 9
10145 9
10146 9
10147 9
10148 9
10149 9
10150 9
10151 9
10152 9
10153 9
10154 9
10155 9
10156 9
10157 9
10158 9
10159 9
10160 9
10161 9
10162 9
10163 9
10164 9
10165 9
10166 9
10167 9
10168 9
10169 9
10170 9
10171 9
10172 9
10173 9
10174 9
10175 9
10176 9
10177 9
10178 9
10179 9
10180 9
10181 9
10182 9
10183 9
10184 9
10185 9
10186 9
10187 9
10188 5
10189 9
10190 5
10191 5
10192 5
10193 5
10194 5
10195 5
10196 5
10197 5
10198 5
10199 5
10200 5
10201 5
10202 5
10203 5
10204 5
10205 9
10206 5
10207 5
10208 9
10209 9
10210 9
10211 9
10212 9
10213 9
10214 9
10215 9
10216 9
10217 9
10218 9
10219 9
10220 9
10221 9
10222 9
10223 9
10224 9
10225 9
10226 9
10227 9
10228 9
10229 9
10230 9
10231 9
10232 9
10233 9
10234 9
10235 9
10236 9
10237 9
10238 9
10239 9
10240 1
