0 3
1 3
2 3
3 3
4 3
5 3
6 3
7 2
8 2
9 2
10 2
11 2
12 2
13 2
14 2
15 2
16 2
17 2
18 2
19 2
20 2
21 2
22 2
23 2
24 2
25 2
26 2
27 2
28 2
29 2
30 2
31 2
32 2
33 2
34 2
35 2
36 2
37 2
38 2
39 2
40 2
41 2
42 2
43 2
44 2
45 2
46 2
47 2
48 2
49 2
50 2
51 2
52 2
53 2
54 2
55 2
56 2
57 2
58 2
59 2
60 2
61 2
62 2
63 2
64 2
65 2
66 2
67 2
68 2
69 2
70 2
71 2
72 2
73 2
74 2
75 2
76 0
77 0
78 0
79 0
80 0
81 0
82 0
83 0
84 0
85 0
86 0
87 0
88 0
89 0
90 0
91 0
92 0
93 0
94 0
95 0
96 0
97 0
98 0
99 0
100 0
101 0
102 0
103 0
104 0
105 0
106 0
107 0
108 0
109 0
110 0
111 0
112 0
113 0
114 0
115 0
116 0
117 0
118 0
119 0
120 0
121 0
122 0
123 0
124 0
125 0
126 3
127 3
128 3
129 3
130 3
131 3
132 3
133 3
134 3
135 3
136 3
137 3
138 3
139 3
140 3
141 3
142 3
143 3
144 3
145 3
146 3
147 3
148 3
149 3
150 3
151 3
152 3
153 3
154 3
155 3
156 3
157 3
158 3
159 3
160 1
161 1
162 1
163 1
164 1
165 1
166 1
167 1
168 1
169 1
170 1
171 1
172 1
173 1
174 1
175 1
176 1
177 1
178 3
179 3
180 3
181 3
182 3
183 3
184 3
185 3
186 3
187 3
188 3
189 3
190 3
191 3
192 3
193 3
194 3
195 3
196 3
197 3
198 3
199 0
200 0
201 0
202 0
203 0
204 0
205 0
206 0
207 0
208 0
209 0
210 0
211 0
212 0
213 0
214 0
215 0
216 0
217 0
218 0
219 0
220 0
221 0
222 0
223 0
224 0
225 0
226 0
227 0
228 0
229 0
230 0
231 0
232 0
233 0
234 0
235 0
236 2
237 2
238 2
239 2
240 2
241 2
242 2
243 2
244 2
245 2
246 2
247 2
248 2
249 2
250 2
251 2
252 2
253 2
254 2
255 2
256 2
257 2
258 2
259 2
260 2
261 2
262 2
263 2
264 2
265 2
266 2
267 2
268 2
269 2
270 2
271 2
272 2
273 2
274 2
275 2
276 2
277 2
278 2
279 2
280 2
281 2
282 2
283 2
284 2
285 2
286 2
287 2
288 2
289 2
290 2
291 2
292 2
293 2
294 2
295 2
296 2
297 2
298 2
299 2
300 2
301 2
302 1
303 1
304 1
305 1
306 1
307 1
308 1
309 1
310 1
311 1
312 1
313 1
314 1
315 1
316 1
317 1
318 1
319 1
320 3
321 3
322 3
323 3
324 3
325 3
326 3
327 3
328 3
329 3
330 3
331 3
332 3
333 3
334 3
335 3
336 3
337 3
338 3
339 3
340 3
341 3
342 3
343 3
344 3
345 3
346 3
347 3
348 3
349 3
350 3
351 3
352 3
353 3
354 3
355 3
356 3
357 3
358 3
359 3
360 3
361 3
362 3
363 3
364 3
365 3
366 3
367 1
368 1
369 1
370 1
371 1
372 1
373 1
374 1
375 1
376 1
377 1
378 1
379 1
380 1
381 1
382 1
383 1
384 1
385 1
386 1
387 1
388 1
389 1
390 1
391 1
392 1
393 1
394 1
395 1
396 1
397 1
398 1
399 1
400 1
401 1
402 1
403 1
404 3
405 3
406 3
407 3
408 3
409 3
410 3
411 3
412 3
413 3
414 3
415 3
416 3
417 3
418 3
419 3
420 1
421 1
422 1
423 1
424 1
425 1
426 1
427 1
428 1
429 3
430 3
431 3
432 3
433 3
434 3
435 3
436 3
437 3
438 3
439 3
440 3
441 3
442 3
443 3
444 3
445 3
446 3
447 3
448 3
449 3
450 3
451 3
452 3
453 3
454 3
455 3
456 3
457 3
458 3
459 1
460 1
461 1
462 1
463 1
464 1
465 1
466 1
467 1
468 1
469 1
470 1
471 1
472 1
473 1
474 1
475 1
476 1
477 1
478 1
479 1
480 1
481 1
482 1
483 1
484 1
485 1
486 1
487 1
488 1
489 1
490 1
491 1
492 1
493 1
494 1
495 1
496 1
497 1
498 1
499 1
500 1
501 1
502 1
503 1
504 1
505 1
506 1
507 1
508 1
509 1
510 1
511 1
512 1
513 1
514 1
515 1
516 1
517 1
518 1
519 1
520 2
521 2
522 2
523 2
524 2
525 2
526 2
527 0
528 0
529 0
530 0
531 0
532 0
533 0
534 0
535 0
536 0
537 0
538 0
539 0
540 0
541 0
542 0
543 0
544 0
545 0
546 0
547 0
548 0
549 0
550 0
551 0
552 0
553 0
554 0
555 0
556 0
557 0
558 0
559 0
560 0
561 0
562 0
563 0
564 0
565 0
566 0
567 0
568 0
569 0
570 0
571 0
572 0
573 0
574 0
575 0
576 0
577 0
578 0
579 0
580 0
581 0
582 0
583 0
584 0
585 0
586 0
587 0
588 0
589 0
590 0
591 0
592 0
593 0
594 0
595 0
596 0
597 0
598 0
599 0
600 0
601 0
602 0
603 0
604 0
605 0
606 2
607 2
608 2
609 2
610 2
611 2
612 2
613 2
614 2
615 2
616 2
617 2
618 2
619 2
620 2
621 1
622 1
623 1
624 1
625 1
626 1
627 1
628 1
629 1
630 1
631 1
632 1
633 1
634 1
635 1
636 1
637 1
638 1
639 1
640 1
641 1
642 1
643 1
644 1
645 1
646 1
647 1
648 1
649 1
650 1
651 1
652 1
653 1
654 1
655 1
656 3
657 3
658 3
659 3
660 3
661 3
662 3
663 3
664 3
665 3
666 3
667 3
668 3
669 3
670 3
671 3
672 3
673 3
674 3
675 3
676 3
677 3
678 3
679 0
680 0
681 0
682 0
683 0
684 0
685 0
686 0
687 0
688 0
689 0
690 0
691 0
692 0
693 0
694 0
695 0
696 0
697 0
698 0
699 0
700 0
701 0
702 0
703 0
704 0
705 0
706 0
707 0
708 0
709 0
710 0
711 0
712 0
713 0
714 0
715 0
716 2
717 2
718 2
719 2
720 2
721 2
722 2
723 2
724 2
725 2
726 2
727 2
728 2
729 2
730 2
731 2
732 2
733 2
734 2
735 2
736 2
737 2
738 2
739 2
740 2
741 2
742 2
743 2
744 2
745 2
746 2
747 2
748 2
749 2
750 2
751 2
752 2
753 2
754 2
755 2
756 2
757 2
758 2
759 2
760 2
761 2
762 2
763 2
764 2
765 2
766 2
767 2
768 2
769 2
770 2
771 2
772 2
773 2
774 2
775 2
776 2
777 2
778 2
779 2
780 2
781 2
782 1
783 1
784 1
785 1
786 1
787 1
788 1
789 1
790 1
791 1
792 1
793 1
794 1
795 1
796 1
797 1
798 1
799 1
800 1
801 1
802 1
803 1
804 1
805 1
806 1
807 1
808 1
809 1
810 3
811 3
812 3
813 3
814 3
815 3
816 3
817 3
818 3
819 3
820 3
821 3
822 3
823 3
824 3
825 3
826 3
827 3
828 3
829 3
830 3
831 3
832 3
833 3
834 3
835 3
836 0
837 0
838 0
839 0
840 0
841 0
842 0
843 0
844 0
845 0
846 0
847 0
848 0
849 0
850 0
851 0
852 0
853 0
854 0
855 0
856 0
857 0
858 0
859 0
860 0
861 0
862 0
863 0
864 0
865 0
866 0
867 0
868 0
869 0
870 0
871 0
872 0
873 0
874 2
875 2
876 2
877 2
878 2
879 2
880 2
881 2
882 2
883 2
884 2
885 2
886 2
887 2
888 2
889 2
890 2
891 2
892 2
893 2
894 2
895 2
896 2
897 2
898 2
899 2
900 2
901 2
902 2
903 2
904 2
905 2
906 2
907 2
908 2
909 2
910 2
911 2
912 2
913 2
914 2
915 2
916 2
917 2
918 2
919 2
920 2
921 2
922 2
923 2
924 2
925 2
926 2
927 2
928 2
929 2
930 2
931 2
932 2
933 2
934 2
935 2
936 2
937 2
938 2
939 2
940 1
941 1
942 1
943 1
944 1
945 1
946 1
947 1
948 1
949 1
950 1
951 1
952 1
953 1
954 1
955 1
956 1
957 1
958 1
959 1
960 1
961 1
962 3
963 3
964 3
965 3
966 3
967 3
968 3
969 3
970 3
971 3
972 3
973 3
974 3
975 3
976 3
977 3
978 3
979 3
980 3
981 3
982 3
983 3
984 3
985 3
986 3
987 3
988 3
989 3
990 3
991 3
992 3
993 3
994 0
995 0
996 0
997 0
998 0
999 0
1000 0
1001 0
1002 0
1003 0
1004 0
1005 0
1006 0
1007 0
1008 0
1009 0
1010 0
1011 0
1012 0
1013 0
1014 0
1015 0
1016 0
1017 0
1018 0
1019 0
1020 0
1021 0
1022 0
1023 0
1024 0
1025 0
1026 0
1027 0
1028 0
1029 0
1030 0
1031 0
1032 2
1033 2
1034 2
1035 2
1036 2
1037 2
1038 2
1039 2
1040 2
1041 2
1042 2
1043 2
1044 2
1045 2
1046 2
1047 2
1048 2
1049 2
1050 2
1051 2
1052 2
1053 2
1054 2
1055 2
1056 2
1057 2
1058 2
1059 2
1060 2
1061 2
1062 2
1063 2
1064 2
1065 2
1066 2
1067 2
1068 2
1069 2
1070 2
1071 2
1072 2
1073 2
1074 2
1075 2
1076 2
1077 2
1078 2
1079 2
1080 2
1081 2
1082 2
1083 2
1084 2
1085 2
1086 2
1087 2
1088 2
1089 2
1090 2
1091 2
1092 2
1093 2
1094 2
1095 2
1096 2
1097 2
1098 1
1099 1
1100 1
1101 1
1102 1
1103 1
1104 1
1105 1
1106 1
1107 1
1108 1
1109 1
1110 1
1111 1
1112 1
1113 1
1114 1
1115 1
1116 1
1117 1
1118 3
1119 3
1120 3
1121 3
1122 3
1123 3
1124 3
1125 3
1126 3
1127 3
1128 3
1129 3
1130 3
1131 3
1132 3
1133 3
1134 3
1135 3
1136 3
1137 3
1138 3
1139 3
1140 3
1141 3
1142 3
1143 3
1144 3
1145 3
1146 3
1147 3
1148 3
1149 3
1150 3
1151 0
1152 0
1153 0
1154 0
1155 0
1156 0
1157 0
1158 0
1159 0
1160 0
1161 0
1162 0
1163 0
1164 0
1165 0
1166 0
1167 0
1168 0
1169 0
1170 0
1171 0
1172 0
1173 0
1174 0
1175 0
1176 0
1177 0
1178 0
1179 0
1180 0
1181 0
1182 0
1183 0
1184 0
1185 0
1186 0
1187 0
1188 2
1189 2
1190 2
1191 2
1192 2
1193 2
1194 2
1195 2
1196 2
1197 2
1198 2
1199 2
1200 2
1201 2
1202 2
1203 2
1204 2
1205 2
1206 2
1207 2
1208 2
1209 2
1210 2
1211 2
1212 2
1213 2
1214 2
1215 2
1216 2
1217 2
1218 2
1219 2
1220 2
1221 2
1222 2
1223 2
1224 2
1225 2
1226 2
1227 2
1228 2
1229 2
1230 2
1231 2
1232 2
1233 2
1234 2
1235 2
1236 2
1237 2
1238 2
1239 2
1240 2
1241 2
1242 2
1243 2
1244 2
1245 2
1246 2
1247 2
1248 2
1249 2
1250 2
1251 2
1252 2
1253 2
1254 1
1255 1
1256 1
1257 1
1258 1
1259 1
1260 1
1261 1
1262 1
1263 1
1264 1
1265 1
1266 1
1267 1
1268 1
1269 1
1270 1
1271 1
1272 1
1273 1
1274 1
1275 3
1276 3
1277 3
1278 3
1279 3
1280 3
1281 3
1282 3
1283 3
1284 3
1285 3
1286 3
1287 3
1288 3
1289 3
1290 3
1291 3
1292 3
1293 3
1294 3
1295 3
1296 3
1297 3
1298 3
1299 3
1300 3
1301 3
1302 3
1303 3
1304 3
1305 3
1306 3
1307 3
1308 3
1309 3
1310 0
1311 0
1312 0
1313 0
1314 0
1315 0
1316 0
1317 0
1318 0
1319 0
1320 0
1321 0
1322 0
1323 0
1324 0
1325 0
1326 0
1327 0
1328 0
1329 0
1330 0
1331 0
1332 0
1333 0
1334 0
1335 0
1336 0
1337 0
1338 0
1339 0
1340 0
1341 0
1342 0
1343 0
1344 0
1345 0
1346 0
1347 0
1348 0
1349 0
1350 2
1351 2
1352 2
1353 2
1354 2
1355 2
1356 2
1357 2
1358 2
1359 2
1360 2
1361 2
1362 2
1363 2
1364 2
1365 2
1366 2
1367 2
1368 2
1369 2
1370 2
1371 2
1372 2
1373 2
1374 2
1375 2
1376 2
1377 2
1378 2
1379 2
1380 2
1381 2
1382 2
1383 2
1384 2
1385 2
1386 2
1387 2
1388 2
1389 2
1390 2
1391 2
1392 2
1393 2
1394 2
1395 2
1396 2
1397 2
1398 2
1399 2
1400 2
1401 2
1402 2
1403 2
1404 2
1405 2
1406 2
1407 2
1408 2
1409 2
1410 2
1411 2
1412 2
1413 2
1414 1
1415 1
1416 1
1417 1
1418 1
1419 1
1420 1
1421 1
1422 1
1423 1
1424 1
1425 1
1426 1
1427 1
1428 1
1429 1
1430 1
1431 1
1432 1
1433 1
1434 3
1435 3
1436 3
1437 3
1438 3
1439 3
1440 3
1441 3
1442 3
1443 3
1444 3
1445 3
1446 3
1447 3
1448 3
1449 3
1450 3
1451 3
1452 3
1453 3
1454 3
1455 3
1456 3
1457 3
1458 3
1459 3
1460 3
1461 3
1462 3
1463 3
1464 3
1465 3
1466 3
1467 3
1468 3
1469 0
1470 0
1471 0
1472 0
1473 0
1474 0
1475 0
1476 0
1477 0
1478 0
1479 0
1480 0
1481 0
1482 0
1483 0
1484 0
1485 0
1486 0
1487 0
1488 0
1489 0
1490 0
1491 0
1492 0
1493 0
1494 0
1495 0
1496 0
1497 0
1498 0
1499 0
1500 0
1501 0
1502 0
1503 0
1504 0
1505 0
1506 0
1507 0
1508 0
1509 0
1510 0
1511 2
1512 2
1513 2
1514 2
1515 2
1516 2
1517 2
1518 2
1519 2
1520 2
1521 2
1522 2
1523 2
1524 2
1525 2
1526 2
1527 2
1528 2
1529 2
1530 2
1531 2
1532 2
1533 2
1534 2
1535 2
1536 2
1537 2
1538 2
1539 2
1540 2
1541 2
1542 2
1543 2
1544 2
1545 2
1546 2
1547 2
1548 2
1549 2
1550 2
1551 2
1552 2
1553 2
1554 2
1555 2
1556 2
1557 2
1558 2
1559 2
1560 2
1561 2
1562 2
1563 2
1564 2
1565 2
1566 2
1567 2
1568 2
1569 2
1570 2
1571 2
1572 2
1573 1
1574 1
1575 1
1576 1
1577 1
1578 1
1579 1
1580 1
1581 1
1582 1
1583 1
1584 1
1585 1
1586 1
1587 1
1588 1
1589 1
1590 1
1591 1
1592 1
1593 3
1594 3
1595 3
1596 3
1597 3
1598 3
1599 3
1600 3
1601 3
1602 3
1603 3
1604 3
1605 3
1606 3
1607 3
1608 3
1609 3
1610 3
1611 3
1612 3
1613 3
1614 3
1615 3
1616 3
1617 3
1618 3
1619 3
1620 3
1621 3
1622 3
1623 3
1624 3
1625 3
1626 3
1627 3
1628 0
1629 0
1630 0
1631 0
1632 0
1633 0
1634 0
1635 0
1636 0
1637 0
1638 0
1639 0
1640 0
1641 0
1642 0
1643 0
1644 0
1645 0
1646 0
1647 0
1648 0
1649 0
1650 0
1651 0
1652 0
1653 0
1654 0
1655 0
1656 0
1657 0
1658 0
1659 0
1660 0
1661 0
1662 0
1663 0
1664 0
1665 0
1666 0
1667 0
1668 0
1669 0
1670 0
1671 2
1672 2
1673 2
1674 2
1675 2
1676 2
1677 2
1678 2
1679 2
1680 2
1681 2
1682 2
1683 2
1684 2
1685 2
1686 2
1687 2
1688 2
1689 2
1690 2
1691 2
1692 2
1693 2
1694 2
1695 2
1696 2
1697 2
1698 2
1699 2
1700 2
1701 2
1702 2
1703 2
1704 2
1705 2
1706 2
1707 2
1708 2
1709 2
1710 2
1711 2
1712 2
1713 2
1714 2
1715 2
1716 2
1717 2
1718 2
1719 2
1720 2
1721 2
1722 2
1723 2
1724 2
1725 2
1726 2
1727 2
1728 2
1729 2
1730 2
1731 1
1732 1
1733 1
1734 1
1735 1
1736 1
1737 1
1738 1
1739 1
1740 1
1741 1
1742 1
1743 1
1744 1
1745 1
1746 1
1747 1
1748 1
1749 1
1750 1
1751 3
1752 3
1753 3
1754 3
1755 3
1756 3
1757 3
1758 3
1759 3
1760 3
1761 3
1762 3
1763 3
1764 3
1765 3
1766 3
1767 3
1768 3
1769 3
1770 3
1771 3
1772 3
1773 3
1774 3
1775 3
1776 3
1777 3
1778 3
1779 3
1780 3
1781 3
1782 3
1783 3
1784 0
1785 0
1786 0
1787 0
1788 0
1789 0
1790 0
1791 0
1792 0
1793 0
1794 0
1795 0
1796 0
1797 0
1798 0
1799 0
1800 0
1801 0
1802 0
1803 0
1804 0
1805 0
1806 0
1807 0
1808 0
1809 0
1810 0
1811 0
1812 0
1813 0
1814 0
1815 0
1816 0
1817 0
1818 0
1819 0
1820 0
1821 0
1822 0
1823 0
1824 0
1825 0
1826 0
1827 0
1828 0
1829 2
1830 2
1831 2
1832 2
1833 2
1834 2
1835 2
1836 2
1837 2
1838 2
1839 2
1840 2
1841 2
1842 2
1843 2
1844 2
1845 2
1846 2
1847 2
1848 2
1849 2
1850 2
1851 2
1852 2
1853 2
1854 2
1855 2
1856 2
1857 2
1858 2
1859 2
1860 2
1861 2
1862 2
1863 2
1864 2
1865 2
1866 2
1867 2
1868 2
1869 2
1870 2
1871 2
1872 2
1873 2
1874 2
1875 2
1876 2
1877 2
1878 2
1879 2
1880 2
1881 2
1882 2
1883 2
1884 2
1885 2
1886 2
1887 1
1888 1
1889 1
1890 1
1891 1
1892 1
1893 1
1894 1
1895 1
1896 1
1897 1
1898 1
1899 1
1900 1
1901 1
1902 1
1903 1
1904 1
1905 1
1906 1
1907 1
1908 3
1909 3
1910 3
1911 3
1912 3
1913 3
1914 3
1915 3
1916 3
1917 3
1918 3
1919 3
1920 3
1921 3
1922 3
1923 3
1924 3
1925 3
1926 3
1927 3
1928 3
1929 3
1930 3
1931 3
1932 3
1933 3
1934 3
1935 3
1936 3
1937 3
1938 3
1939 3
1940 0
1941 0
1942 0
1943 0
1944 0
1945 0
1946 0
1947 0
1948 0
1949 0
1950 0
1951 0
1952 0
1953 0
1954 0
1955 0
1956 0
1957 0
1958 0
1959 0
1960 0
1961 0
1962 0
1963 0
1964 0
1965 0
1966 0
1967 0
1968 0
1969 0
1970 0
1971 0
1972 0
1973 0
1974 0
1975 0
1976 0
1977 0
1978 0
1979 0
1980 0
1981 0
1982 0
1983 0
1984 0
1985 0
1986 0
1987 2
1988 2
1989 2
1990 2
1991 2
1992 2
1993 2
1994 2
1995 2
1996 2
1997 2
1998 2
1999 2
2000 2
2001 2
2002 2
2003 2
2004 2
2005 2
2006 2
2007 2
2008 2
2009 2
2010 2
2011 2
2012 2
2013 2
2014 2
2015 2
2016 2
2017 2
2018 2
2019 2
2020 2
2021 2
2022 2
2023 2
2024 2
2025 2
2026 2
2027 2
2028 2
2029 2
2030 2
2031 2
2032 2
2033 2
2034 2
2035 2
2036 2
2037 2
2038 2
2039 2
2040 2
2041 2
2042 2
2043 2
2044 1
2045 1
2046 1
2047 1
2048 1
2049 1
2050 1
2051 1
2052 1
2053 1
2054 1
2055 1
2056 1
2057 1
2058 1
2059 1
2060 1
2061 1
2062 1
2063 1
2064 1
2065 3
2066 3
2067 3
2068 3
2069 3
2070 3
2071 3
2072 3
2073 3
2074 3
2075 3
2076 3
2077 3
2078 3
2079 3
2080 3
2081 3
2082 3
2083 3
2084 3
2085 3
2086 3
2087 3
2088 3
2089 3
2090 3
2091 3
2092 3
2093 3
2094 3
2095 3
2096 0
2097 0
2098 0
2099 0
2100 0
2101 0
2102 0
2103 0
2104 0
2105 0
2106 0
2107 0
2108 0
2109 0
2110 0
2111 0
2112 0
2113 0
2114 0
2115 0
2116 0
2117 0
2118 0
2119 0
2120 0
2121 0
2122 0
2123 0
2124 0
2125 0
2126 0
2127 0
2128 0
2129 0
2130 0
2131 0
2132 0
2133 0
2134 0
2135 0
2136 0
2137 0
2138 0
2139 0
2140 0
2141 0
2142 0
2143 0
2144 0
2145 2
2146 2
2147 2
2148 2
2149 2
2150 2
2151 2
2152 2
2153 2
2154 2
2155 2
2156 2
2157 2
2158 2
2159 2
2160 2
2161 2
2162 2
2163 2
2164 2
2165 2
2166 2
2167 2
2168 2
2169 2
2170 2
2171 2
2172 2
2173 2
2174 2
2175 2
2176 2
2177 2
2178 2
2179 2
2180 2
2181 2
2182 2
2183 2
2184 2
2185 2
2186 2
2187 2
2188 2
2189 2
2190 2
2191 2
2192 2
2193 2
2194 2
2195 2
2196 2
2197 2
2198 2
2199 2
2200 2
2201 2
2202 2
2203 1
2204 1
2205 1
2206 1
2207 1
2208 1
2209 1
2210 1
2211 1
2212 1
2213 1
2214 1
2215 1
2216 1
2217 1
2218 1
2219 1
2220 1
2221 1
2222 1
2223 1
2224 1
2225 1
2226 3
2227 3
2228 3
2229 3
2230 3
2231 3
2232 3
2233 3
2234 3
2235 3
2236 3
2237 3
2238 3
2239 3
2240 3
2241 3
2242 3
2243 3
2244 3
2245 3
2246 3
2247 3
2248 3
2249 3
2250 3
2251 3
2252 3
2253 3
2254 3
2255 3
2256 3
2257 0
2258 0
2259 0
2260 0
2261 0
2262 0
2263 0
2264 0
2265 0
2266 0
2267 0
2268 0
2269 0
2270 0
2271 0
2272 0
2273 0
2274 0
2275 0
2276 0
2277 0
2278 0
2279 0
2280 0
2281 0
2282 0
2283 0
2284 0
2285 0
2286 0
2287 0
2288 0
2289 0
2290 0
2291 0
2292 0
2293 0
2294 0
2295 0
2296 0
2297 0
2298 0
2299 0
2300 0
2301 0
2302 0
2303 0
2304 0
2305 0
2306 2
2307 2
2308 2
2309 2
2310 2
2311 2
2312 2
2313 2
2314 2
2315 2
2316 2
2317 2
2318 2
2319 2
2320 2
2321 2
2322 2
2323 2
2324 2
2325 2
2326 2
2327 2
2328 2
2329 2
2330 2
2331 2
2332 2
2333 2
2334 2
2335 2
2336 2
2337 2
2338 2
2339 2
2340 2
2341 2
2342 2
2343 2
2344 2
2345 2
2346 2
2347 2
2348 2
2349 2
2350 2
2351 2
2352 2
2353 2
2354 2
2355 2
2356 2
2357 2
2358 2
2359 2
2360 2
2361 2
2362 2
2363 2
2364 1
2365 1
2366 1
2367 1
2368 1
2369 1
2370 1
2371 1
2372 1
2373 1
2374 1
2375 1
2376 1
2377 1
2378 1
2379 1
2380 1
2381 1
2382 1
2383 1
2384 1
2385 3
2386 3
2387 3
2388 3
2389 3
2390 3
2391 3
2392 3
2393 3
2394 3
2395 3
2396 3
2397 3
2398 3
2399 3
2400 3
2401 3
2402 3
2403 3
2404 3
2405 3
2406 3
2407 3
2408 3
2409 3
2410 3
2411 3
2412 3
2413 3
2414 3
2415 3
2416 0
2417 0
2418 0
2419 0
2420 0
2421 0
2422 0
2423 0
2424 0
2425 0
2426 0
2427 0
2428 0
2429 0
2430 0
2431 0
2432 0
2433 0
2434 0
2435 0
2436 0
2437 0
2438 0
2439 0
2440 0
2441 0
2442 0
2443 0
2444 0
2445 0
2446 0
2447 0
2448 0
2449 0
2450 0
2451 0
2452 0
2453 0
2454 0
2455 0
2456 0
2457 0
2458 0
2459 0
2460 0
2461 0
2462 0
2463 0
2464 0
2465 0
2466 2
2467 2
2468 2
2469 2
2470 2
2471 2
2472 2
2473 2
2474 2
2475 2
2476 2
2477 2
2478 2
2479 2
2480 2
2481 2
2482 2
2483 2
2484 2
2485 2
2486 2
2487 2
2488 2
2489 2
2490 2
2491 2
2492 2
2493 2
2494 2
2495 2
2496 2
2497 2
2498 2
2499 2
2500 2
2501 2
2502 2
2503 2
2504 2
2505 2
2506 2
2507 2
2508 2
2509 2
2510 2
2511 2
2512 2
2513 2
2514 2
2515 2
2516 2
2517 2
2518 2
2519 2
2520 2
2521 2
2522 2
2523 2
2524 1
2525 1
2526 1
2527 1
2528 1
2529 1
2530 1
2531 1
2532 1
2533 1
2534 1
2535 1
2536 1
2537 1
2538 1
2539 1
2540 1
2541 1
2542 1
2543 3
2544 3
2545 3
2546 3
2547 3
2548 3
2549 3
2550 3
2551 3
2552 3
2553 3
2554 3
2555 3
2556 3
2557 3
2558 3
2559 3
2560 3
2561 3
2562 3
2563 3
2564 3
2565 3
2566 3
2567 3
2568 3
2569 3
2570 3
2571 3
2572 3
2573 3
2574 3
2575 3
2576 3
2577 0
2578 0
2579 0
2580 0
2581 0
2582 0
2583 0
2584 0
2585 0
2586 0
2587 0
2588 0
2589 0
2590 0
2591 0
2592 0
2593 0
2594 0
2595 0
2596 0
2597 0
2598 0
2599 0
2600 0
2601 0
2602 0
2603 0
2604 0
2605 0
2606 0
2607 0
2608 0
2609 0
2610 0
2611 0
2612 0
2613 0
2614 0
2615 0
2616 0
2617 0
2618 0
2619 0
2620 0
2621 0
2622 0
2623 0
2624 0
2625 0
2626 2
2627 2
2628 2
2629 2
2630 2
2631 2
2632 2
2633 2
2634 2
2635 2
2636 2
2637 2
2638 2
2639 2
2640 2
2641 2
2642 2
2643 2
2644 2
2645 2
2646 2
2647 2
2648 2
2649 2
2650 2
2651 2
2652 2
2653 2
2654 2
2655 2
2656 2
2657 2
2658 2
2659 2
2660 2
2661 2
2662 2
2663 2
2664 2
2665 2
2666 2
2667 2
2668 2
2669 2
2670 2
2671 2
2672 2
2673 2
2674 2
2675 2
2676 2
2677 2
2678 2
2679 2
2680 2
2681 2
2682 2
2683 2
2684 2
2685 2
2686 1
2687 1
2688 1
2689 1
2690 1
2691 1
2692 1
2693 1
2694 1
2695 1
2696 1
2697 1
2698 1
2699 1
2700 3
2701 3
2702 3
2703 3
2704 3
2705 3
2706 3
2707 3
2708 3
2709 3
2710 3
2711 3
2712 3
2713 3
2714 3
2715 3
2716 3
2717 3
2718 3
2719 3
2720 3
2721 3
2722 3
2723 3
2724 3
2725 3
2726 3
2727 3
2728 3
2729 3
2730 3
2731 3
2732 3
2733 3
2734 3
2735 3
2736 0
2737 0
2738 0
2739 0
2740 0
2741 0
2742 0
2743 0
2744 0
2745 0
2746 0
2747 0
2748 0
2749 0
2750 0
2751 0
2752 0
2753 0
2754 0
2755 0
2756 0
2757 0
2758 0
2759 0
2760 0
2761 0
2762 0
2763 0
2764 0
2765 0
2766 0
2767 0
2768 0
2769 0
2770 0
2771 0
2772 0
2773 0
2774 0
2775 0
2776 0
2777 0
2778 0
2779 0
2780 0
2781 0
2782 0
2783 0
2784 0
2785 0
2786 2
2787 2
2788 2
2789 2
2790 2
2791 2
2792 2
2793 2
2794 2
2795 2
2796 2
2797 2
2798 2
2799 2
2800 2
2801 2
2802 2
2803 2
2804 2
2805 2
2806 2
2807 2
2808 2
2809 2
2810 2
2811 2
2812 2
2813 2
2814 2
2815 2
2816 2
2817 2
2818 2
2819 2
2820 2
2821 2
2822 2
2823 2
2824 2
2825 2
2826 2
2827 2
2828 2
2829 2
2830 2
2831 2
2832 2
2833 2
2834 2
2835 2
2836 2
2837 2
2838 2
2839 2
2840 2
2841 2
2842 2
2843 2
2844 2
2845 2
2846 1
2847 1
2848 1
2849 1
2850 1
2851 1
2852 1
2853 1
2854 1
2855 1
2856 1
2857 1
2858 1
2859 3
2860 3
2861 3
2862 3
2863 3
2864 3
2865 3
2866 3
2867 3
2868 3
2869 3
2870 3
2871 3
2872 3
2873 3
2874 3
2875 3
2876 3
2877 3
2878 3
2879 3
2880 3
2881 3
2882 3
2883 3
2884 3
2885 3
2886 3
2887 3
2888 3
2889 3
2890 3
2891 3
2892 3
2893 3
2894 3
2895 3
2896 3
2897 0
2898 0
2899 0
2900 0
2901 0
2902 0
2903 0
2904 0
2905 0
2906 0
2907 0
2908 0
2909 0
2910 0
2911 0
2912 0
2913 0
2914 0
2915 0
2916 0
2917 0
2918 0
2919 0
2920 0
2921 0
2922 0
2923 0
2924 0
2925 0
2926 0
2927 0
2928 0
2929 0
2930 0
2931 0
2932 0
2933 0
2934 0
2935 0
2936 0
2937 0
2938 0
2939 0
2940 0
2941 0
2942 0
2943 0
2944 0
2945 0
2946 2
2947 2
2948 2
2949 2
2950 2
2951 2
2952 2
2953 2
2954 2
2955 2
2956 2
2957 2
2958 2
2959 2
2960 2
2961 2
2962 2
2963 2
2964 2
2965 2
2966 2
2967 2
2968 2
2969 2
2970 2
2971 2
2972 2
2973 2
2974 2
2975 2
2976 2
2977 2
2978 2
2979 2
2980 2
2981 2
2982 2
2983 2
2984 2
2985 2
2986 2
2987 2
2988 2
2989 2
2990 2
2991 2
2992 2
2993 2
2994 2
2995 2
2996 2
2997 2
2998 2
2999 2
3000 2
3001 2
3002 2
3003 2
3004 2
3005 2
3006 2
3007 2
3008 1
3009 1
3010 1
3011 1
3012 1
3013 1
3014 1
3015 1
3016 1
3017 1
3018 3
3019 3
3020 3
3021 3
3022 3
3023 3
3024 3
3025 3
3026 3
3027 3
3028 3
3029 3
3030 3
3031 3
3032 3
3033 3
3034 3
3035 3
3036 3
3037 3
3038 3
3039 3
3040 3
3041 3
3042 3
3043 3
3044 3
3045 3
3046 3
3047 3
3048 3
3049 3
3050 3
3051 3
3052 3
3053 3
3054 3
3055 3
3056 0
3057 0
3058 0
3059 0
3060 0
3061 0
3062 0
3063 0
3064 0
3065 0
3066 0
3067 0
3068 0
3069 0
3070 0
3071 0
3072 0
3073 0
3074 0
3075 0
3076 0
3077 0
3078 0
3079 0
3080 0
3081 0
3082 0
3083 0
3084 0
3085 0
3086 0
3087 0
3088 0
3089 0
3090 0
3091 0
3092 0
3093 0
3094 0
3095 0
3096 0
3097 0
3098 0
3099 0
3100 0
3101 0
3102 0
3103 0
3104 0
3105 0
3106 2
3107 2
3108 2
3109 2
3110 2
3111 2
3112 2
3113 2
3114 2
3115 2
3116 2
3117 2
3118 2
3119 2
3120 2
3121 2
3122 2
3123 2
3124 2
3125 2
3126 2
3127 2
3128 2
3129 2
3130 2
3131 2
3132 2
3133 2
3134 2
3135 2
3136 2
3137 2
3138 2
3139 2
3140 2
3141 2
3142 2
3143 2
3144 2
3145 2
3146 2
3147 2
3148 2
3149 2
3150 2
3151 2
3152 2
3153 2
3154 2
3155 2
3156 2
3157 2
3158 2
3159 2
3160 2
3161 2
3162 2
3163 2
3164 2
3165 2
3166 2
3167 2
3168 2
3169 1
3170 1
3171 1
3172 1
3173 1
3174 1
3175 1
3176 1
3177 1
3178 3
3179 3
3180 3
3181 3
3182 3
3183 3
3184 3
3185 3
3186 3
3187 3
3188 3
3189 3
3190 3
3191 3
3192 3
3193 3
3194 3
3195 3
3196 3
3197 3
3198 3
3199 3
3200 3
3201 3
3202 3
3203 3
3204 3
3205 3
3206 3
3207 3
3208 3
3209 3
3210 3
3211 3
3212 3
3213 3
3214 3
3215 3
3216 3
3217 0
3218 0
3219 0
3220 0
3221 0
3222 0
3223 0
3224 0
3225 0
3226 0
3227 0
3228 0
3229 0
3230 0
3231 0
3232 0
3233 0
3234 0
3235 0
3236 0
3237 0
3238 0
3239 0
3240 0
3241 0
3242 0
3243 0
3244 0
3245 0
3246 0
3247 0
3248 0
3249 0
3250 0
3251 0
3252 0
3253 0
3254 0
3255 0
3256 0
3257 0
3258 0
3259 0
3260 0
3261 0
3262 0
3263 0
3264 0
3265 0
3266 0
3267 2
3268 2
3269 2
3270 2
3271 2
3272 2
3273 2
3274 2
3275 2
3276 2
3277 2
3278 2
3279 2
3280 2
3281 2
3282 2
3283 2
3284 2
3285 2
3286 2
3287 2
3288 2
3289 2
3290 2
3291 2
3292 2
3293 2
3294 2
3295 2
3296 2
3297 2
3298 2
3299 2
3300 2
3301 2
3302 2
3303 2
3304 2
3305 2
3306 2
3307 2
3308 2
3309 2
3310 2
3311 2
3312 2
3313 2
3314 2
3315 2
3316 2
3317 2
3318 2
3319 2
3320 2
3321 2
3322 2
3323 2
3324 2
3325 2
3326 2
3327 2
3328 2
3329 2
3330 2
3331 1
3332 1
3333 1
3334 1
3335 1
3336 1
3337 1
3338 3
3339 3
3340 3
3341 3
3342 3
3343 3
3344 3
3345 3
3346 3
3347 3
3348 3
3349 3
3350 3
3351 3
3352 3
3353 3
3354 3
3355 3
3356 3
3357 3
3358 3
3359 3
3360 3
3361 3
3362 3
3363 3
3364 3
3365 3
3366 3
3367 3
3368 3
3369 3
3370 3
3371 3
3372 3
3373 3
3374 3
3375 3
3376 0
3377 0
3378 0
3379 0
3380 0
3381 0
3382 0
3383 0
3384 0
3385 0
3386 0
3387 0
3388 0
3389 0
3390 0
3391 0
3392 0
3393 0
3394 0
3395 0
3396 0
3397 0
3398 0
3399 0
3400 0
3401 0
3402 0
3403 0
3404 0
3405 0
3406 0
3407 0
3408 0
3409 0
3410 0
3411 0
3412 0
3413 0
3414 0
3415 0
3416 0
3417 0
3418 0
3419 0
3420 0
3421 0
3422 0
3423 0
3424 0
3425 0
3426 2
3427 2
3428 2
3429 2
3430 2
3431 2
3432 2
3433 2
3434 2
3435 2
3436 2
3437 2
3438 2
3439 2
3440 2
3441 2
3442 2
3443 2
3444 2
3445 2
3446 2
3447 2
3448 2
3449 2
3450 2
3451 2
3452 2
3453 2
3454 2
3455 2
3456 2
3457 2
3458 2
3459 2
3460 2
3461 2
3462 2
3463 2
3464 2
3465 2
3466 2
3467 2
3468 2
3469 2
3470 2
3471 2
3472 2
3473 2
3474 2
3475 2
3476 2
3477 2
3478 2
3479 2
3480 2
3481 2
3482 2
3483 2
3484 2
3485 2
3486 2
3487 2
3488 2
3489 2
3490 2
3491 2
3492 1
3493 1
3494 1
3495 1
3496 1
3497 3
3498 3
3499 3
3500 3
3501 3
3502 3
3503 3
3504 3
3505 3
3506 3
3507 3
3508 3
3509 3
3510 3
3511 3
3512 3
3513 3
3514 3
3515 3
3516 3
3517 3
3518 3
3519 3
3520 3
3521 3
3522 3
3523 3
3524 3
3525 3
3526 3
3527 3
3528 3
3529 3
3530 3
3531 3
3532 3
3533 3
3534 3
3535 3
3536 3
3537 0
3538 0
3539 0
3540 0
3541 0
3542 0
3543 0
3544 0
3545 0
3546 0
3547 0
3548 0
3549 0
3550 0
3551 0
3552 0
3553 0
3554 0
3555 0
3556 0
3557 0
3558 0
3559 0
3560 0
3561 0
3562 0
3563 0
3564 0
3565 0
3566 0
3567 0
3568 0
3569 0
3570 0
3571 0
3572 0
3573 0
3574 0
3575 0
3576 0
3577 0
3578 0
3579 0
3580 0
3581 0
3582 0
3583 0
3584 0
3585 0
3586 0
3587 2
3588 2
3589 2
3590 2
3591 2
3592 2
3593 2
3594 2
3595 2
3596 2
3597 2
3598 2
3599 2
3600 2
3601 2
3602 2
3603 2
3604 2
3605 2
3606 2
3607 2
3608 2
3609 2
3610 2
3611 2
3612 2
3613 2
3614 2
3615 2
3616 2
3617 2
3618 2
3619 2
3620 2
3621 2
3622 2
3623 2
3624 2
3625 2
3626 2
3627 2
3628 2
3629 2
3630 2
3631 2
3632 2
3633 2
3634 2
3635 2
3636 2
3637 2
3638 2
3639 2
3640 2
3641 2
3642 2
3643 2
3644 2
3645 2
3646 2
3647 2
3648 2
3649 2
3650 2
3651 2
3652 2
3653 2
3654 2
3655 1
3656 3
3657 3
3658 3
3659 3
3660 3
3661 3
3662 3
3663 3
3664 3
3665 3
3666 3
3667 3
3668 3
3669 3
3670 3
3671 3
3672 3
3673 3
3674 3
3675 3
3676 3
3677 3
3678 3
3679 3
3680 3
3681 3
3682 3
3683 3
3684 3
3685 3
3686 3
3687 3
3688 3
3689 3
3690 3
3691 3
3692 3
3693 3
3694 3
3695 3
3696 0
3697 0
3698 0
3699 0
3700 0
3701 0
3702 0
3703 0
3704 0
3705 0
3706 0
3707 0
3708 0
3709 0
3710 0
3711 0
3712 0
3713 0
3714 0
3715 0
3716 0
3717 0
3718 0
3719 0
3720 0
3721 0
3722 0
3723 0
3724 0
3725 0
3726 0
3727 0
3728 0
3729 0
3730 0
3731 0
3732 0
3733 0
3734 0
3735 0
3736 0
3737 0
3738 0
3739 0
3740 0
3741 0
3742 0
3743 0
3744 0
3745 0
3746 2
3747 2
3748 2
3749 2
3750 2
3751 2
3752 2
3753 2
3754 2
3755 2
3756 2
3757 2
3758 2
3759 2
3760 2
3761 2
3762 2
3763 2
3764 2
3765 2
3766 2
3767 2
3768 2
3769 2
3770 2
3771 2
3772 2
3773 2
3774 2
3775 2
3776 2
3777 2
3778 2
3779 2
3780 2
3781 2
3782 2
3783 2
3784 2
3785 2
3786 2
3787 2
3788 2
3789 2
3790 2
3791 2
3792 2
3793 2
3794 2
3795 2
3796 2
3797 2
3798 2
3799 2
3800 2
3801 2
3802 2
3803 2
3804 2
3805 2
3806 2
3807 2
3808 2
3809 2
3810 2
3811 2
3812 2
3813 2
3814 2
3815 3
3816 3
3817 3
3818 3
3819 3
3820 3
3821 3
3822 3
3823 3
3824 3
3825 3
3826 3
3827 3
3828 3
3829 3
3830 3
3831 3
3832 3
3833 3
3834 3
3835 3
3836 3
3837 3
3838 3
3839 3
3840 3
3841 3
3842 3
3843 3
3844 3
3845 3
3846 3
3847 3
3848 3
3849 3
3850 3
3851 3
3852 3
3853 3
3854 3
3855 3
3856 3
3857 0
3858 0
3859 0
3860 0
3861 0
3862 0
3863 0
3864 0
3865 0
3866 0
3867 0
3868 0
3869 0
3870 0
3871 0
3872 0
3873 0
3874 0
3875 0
3876 0
3877 0
3878 0
3879 0
3880 0
3881 0
3882 0
3883 0
3884 0
3885 0
3886 0
3887 0
3888 0
3889 0
3890 0
3891 0
3892 0
3893 0
3894 0
3895 0
3896 0
3897 0
3898 0
3899 0
3900 0
3901 0
3902 0
3903 0
3904 0
3905 0
3906 0
3907 2
3908 2
3909 2
3910 2
3911 2
3912 2
3913 2
3914 2
3915 2
3916 2
3917 2
3918 2
3919 2
3920 2
3921 2
3922 2
3923 2
3924 2
3925 2
3926 2
3927 2
3928 2
3929 2
3930 2
3931 2
3932 2
3933 2
3934 2
3935 2
3936 2
3937 2
3938 2
3939 2
3940 2
3941 2
3942 2
3943 2
3944 2
3945 2
3946 2
3947 2
3948 2
3949 2
3950 2
3951 2
3952 2
3953 2
3954 2
3955 2
3956 2
3957 2
3958 2
3959 2
3960 2
3961 2
3962 2
3963 2
3964 2
3965 2
3966 2
3967 2
3968 2
3969 2
3970 2
3971 2
3972 2
3973 2
3974 2
3975 2
3976 3
3977 3
3978 3
3979 3
3980 3
3981 3
3982 3
3983 3
3984 3
3985 3
3986 3
3987 3
3988 3
3989 3
3990 3
3991 3
3992 3
3993 3
3994 3
3995 3
3996 3
3997 3
3998 3
3999 3
4000 3
4001 3
4002 3
4003 3
4004 3
4005 3
4006 3
4007 3
4008 3
4009 3
4010 3
4011 3
4012 3
4013 3
4014 3
4015 3
4016 0
4017 0
4018 0
4019 0
4020 0
4021 0
4022 0
4023 0
4024 0
4025 0
4026 0
4027 0
4028 0
4029 0
4030 0
4031 0
4032 0
4033 0
4034 0
4035 0
4036 0
4037 0
4038 0
4039 0
4040 0
4041 0
4042 0
4043 0
4044 0
4045 0
4046 0
4047 0
4048 0
4049 0
4050 0
4051 0
4052 0
4053 0
4054 0
4055 0
4056 0
4057 0
4058 0
4059 0
4060 0
4061 0
4062 0
4063 0
4064 0
4065 0
4066 2
4067 2
4068 2
4069 2
4070 2
4071 2
4072 2
4073 2
4074 2
4075 2
4076 2
4077 2
4078 2
4079 2
4080 2
4081 2
4082 2
4083 2
4084 2
4085 2
4086 2
4087 2
4088 2
4089 2
4090 2
4091 2
4092 2
4093 2
4094 2
4095 2
4096 2
4097 2
4098 2
4099 2
4100 2
4101 2
4102 2
4103 2
4104 2
4105 2
4106 2
4107 2
4108 2
4109 2
4110 2
4111 2
4112 2
4113 2
4114 2
4115 2
4116 2
4117 2
4118 2
4119 2
4120 2
4121 2
4122 2
4123 2
4124 2
4125 2
4126 2
4127 2
4128 2
4129 2
4130 2
4131 2
4132 2
4133 2
4134 2
4135 2
4136 3
4137 3
4138 3
4139 3
4140 3
4141 3
4142 3
4143 3
4144 3
4145 3
4146 3
4147 3
4148 3
4149 3
4150 3
4151 3
4152 3
4153 3
4154 3
4155 3
4156 3
4157 3
4158 3
4159 3
4160 3
4161 3
4162 3
4163 3
4164 3
4165 3
4166 3
4167 3
4168 3
4169 3
4170 3
4171 3
4172 3
4173 3
4174 3
4175 3
4176 3
4177 0
4178 0
4179 0
4180 0
4181 0
4182 0
4183 0
4184 0
4185 0
4186 0
4187 0
4188 0
4189 0
4190 0
4191 0
4192 0
4193 0
4194 0
4195 0
4196 0
4197 0
4198 0
4199 0
4200 0
4201 0
4202 0
4203 0
4204 0
4205 0
4206 0
4207 0
4208 0
4209 0
4210 0
4211 0
4212 0
4213 0
4214 0
4215 0
4216 0
4217 0
4218 0
4219 0
4220 0
4221 0
4222 0
4223 0
4224 0
4225 0
4226 0
4227 2
4228 2
4229 2
4230 2
4231 2
4232 2
4233 2
4234 2
4235 2
4236 2
4237 2
4238 2
4239 2
4240 2
4241 2
4242 2
4243 2
4244 2
4245 2
4246 2
4247 2
4248 2
4249 2
4250 2
4251 2
4252 2
4253 2
4254 2
4255 2
4256 2
4257 2
4258 2
4259 2
4260 2
4261 2
4262 2
4263 2
4264 2
4265 2
4266 2
4267 2
4268 2
4269 2
4270 2
4271 2
4272 2
4273 2
4274 2
4275 2
4276 2
4277 2
4278 2
4279 2
4280 2
4281 2
4282 2
4283 2
4284 2
4285 2
4286 2
4287 2
4288 2
4289 2
4290 2
4291 2
4292 2
4293 2
4294 2
4295 2
4296 3
4297 3
4298 3
4299 3
4300 3
4301 3
4302 3
4303 3
4304 3
4305 3
4306 3
4307 3
4308 3
4309 3
4310 3
4311 3
4312 3
4313 3
4314 3
4315 3
4316 3
4317 3
4318 3
4319 3
4320 3
4321 3
4322 3
4323 3
4324 3
4325 3
4326 3
4327 3
4328 3
4329 3
4330 3
4331 3
4332 3
4333 3
4334 3
4335 3
4336 0
4337 0
4338 0
4339 0
4340 0
4341 0
4342 0
4343 0
4344 0
4345 0
4346 0
4347 0
4348 0
4349 0
4350 0
4351 0
4352 0
4353 0
4354 0
4355 0
4356 0
4357 0
4358 0
4359 0
4360 0
4361 0
4362 0
4363 0
4364 0
4365 0
4366 0
4367 0
4368 0
4369 0
4370 0
4371 0
4372 0
4373 0
4374 0
4375 0
4376 0
4377 0
4378 0
4379 0
4380 0
4381 0
4382 0
4383 0
4384 0
4385 0
4386 2
4387 2
4388 2
4389 2
4390 2
4391 2
4392 2
4393 2
4394 2
4395 2
4396 2
4397 2
4398 2
4399 2
4400 2
4401 2
4402 2
4403 2
4404 2
4405 2
4406 2
4407 2
4408 2
4409 2
4410 2
4411 2
4412 2
4413 2
4414 2
4415 2
4416 2
4417 2
4418 2
4419 2
4420 2
4421 2
4422 2
4423 2
4424 2
4425 2
4426 2
4427 2
4428 2
4429 2
4430 2
4431 2
4432 2
4433 2
4434 2
4435 2
4436 2
4437 2
4438 2
4439 2
4440 2
4441 2
4442 2
4443 2
4444 2
4445 2
4446 2
4447 2
4448 2
4449 2
4450 2
4451 2
4452 2
4453 2
4454 2
4455 2
4456 3
4457 3
4458 3
4459 3
4460 3
4461 3
4462 3
4463 3
4464 3
4465 3
4466 3
4467 3
4468 3
4469 3
4470 3
4471 3
4472 3
4473 3
4474 3
4475 3
4476 3
4477 3
4478 3
4479 3
4480 3
4481 3
4482 3
4483 3
4484 3
4485 3
4486 3
4487 3
4488 3
4489 3
4490 3
4491 3
4492 3
4493 3
4494 3
4495 3
4496 3
4497 0
4498 0
4499 0
4500 0
4501 0
4502 0
4503 0
4504 0
4505 0
4506 0
4507 0
4508 0
4509 0
4510 0
4511 0
4512 0
4513 0
4514 0
4515 0
4516 0
4517 0
4518 0
4519 0
4520 0
4521 0
4522 0
4523 0
4524 0
4525 0
4526 0
4527 0
4528 0
4529 0
4530 0
4531 0
4532 0
4533 0
4534 0
4535 0
4536 0
4537 0
4538 0
4539 0
4540 0
4541 0
4542 0
4543 0
4544 0
4545 0
4546 0
4547 2
4548 2
4549 2
4550 2
4551 2
4552 2
4553 2
4554 2
4555 2
4556 2
4557 2
4558 2
4559 2
4560 2
4561 2
4562 2
4563 2
4564 2
4565 2
4566 2
4567 2
4568 2
4569 2
4570 2
4571 2
4572 2
4573 2
4574 2
4575 2
4576 2
4577 2
4578 2
4579 2
4580 2
4581 2
4582 2
4583 2
4584 2
4585 2
4586 2
4587 2
4588 2
4589 2
4590 2
4591 2
4592 2
4593 2
4594 2
4595 2
4596 2
4597 2
4598 2
4599 2
4600 2
4601 2
4602 2
4603 2
4604 2
4605 2
4606 2
4607 2
4608 2
4609 2
4610 2
4611 2
4612 2
4613 2
4614 2
4615 2
4616 3
4617 3
4618 3
4619 3
4620 3
4621 3
4622 3
4623 3
4624 3
4625 3
4626 3
4627 3
4628 3
4629 3
4630 3
4631 3
4632 3
4633 3
4634 3
4635 3
4636 3
4637 3
4638 3
4639 3
4640 3
4641 3
4642 3
4643 3
4644 3
4645 3
4646 3
4647 3
4648 3
4649 3
4650 3
4651 3
4652 3
4653 3
4654 3
4655 3
4656 0
4657 0
4658 0
4659 0
4660 0
4661 0
4662 0
4663 0
4664 0
4665 0
4666 0
4667 0
4668 0
4669 0
4670 0
4671 0
4672 0
4673 0
4674 0
4675 0
4676 0
4677 0
4678 0
4679 0
4680 0
4681 0
4682 0
4683 0
4684 0
4685 0
4686 0
4687 0
4688 0
4689 0
4690 0
4691 0
4692 0
4693 0
4694 0
4695 0
4696 0
4697 0
4698 0
4699 0
4700 0
4701 0
4702 0
4703 0
4704 0
4705 0
4706 2
4707 2
4708 2
4709 2
4710 2
4711 2
4712 2
4713 2
4714 2
4715 2
4716 2
4717 2
4718 2
4719 2
4720 2
4721 2
4722 2
4723 2
4724 2
4725 2
4726 2
4727 2
4728 2
4729 2
4730 2
4731 2
4732 2
4733 2
4734 2
4735 2
4736 2
4737 2
4738 2
4739 2
4740 2
4741 2
4742 2
4743 2
4744 2
4745 2
4746 2
4747 2
4748 2
4749 2
4750 2
4751 2
4752 2
4753 2
4754 2
4755 2
4756 2
4757 2
4758 2
4759 2
4760 2
4761 2
4762 2
4763 2
4764 2
4765 2
4766 2
4767 2
4768 2
4769 2
4770 2
4771 2
4772 2
4773 2
4774 2
4775 2
4776 3
4777 3
4778 3
4779 3
4780 3
4781 3
4782 3
4783 3
4784 3
4785 3
4786 3
4787 3
4788 3
4789 3
4790 3
4791 3
4792 3
4793 3
4794 3
4795 3
4796 3
4797 3
4798 3
4799 3
4800 3
4801 3
4802 3
4803 3
4804 3
4805 3
4806 3
4807 3
4808 3
4809 3
4810 3
4811 3
4812 3
4813 3
4814 3
4815 3
4816 3
4817 0
4818 0
4819 0
4820 0
4821 0
4822 0
4823 0
4824 0
4825 0
4826 0
4827 0
4828 0
4829 0
4830 0
4831 0
4832 0
4833 0
4834 0
4835 0
4836 0
4837 0
4838 0
4839 0
4840 0
4841 0
4842 0
4843 0
4844 0
4845 0
4846 0
4847 0
4848 0
4849 0
4850 0
4851 0
4852 0
4853 0
4854 0
4855 0
4856 0
4857 0
4858 0
4859 0
4860 0
4861 0
4862 0
4863 0
4864 0
4865 0
4866 0
4867 2
4868 2
4869 2
4870 2
4871 2
4872 2
4873 2
4874 2
4875 2
4876 2
4877 2
4878 2
4879 2
4880 2
4881 2
4882 2
4883 2
4884 2
4885 2
4886 2
4887 2
4888 2
4889 2
4890 2
4891 2
4892 2
4893 2
4894 2
4895 2
4896 2
4897 2
4898 2
4899 2
4900 2
4901 2
4902 2
4903 2
4904 2
4905 2
4906 2
4907 2
4908 2
4909 2
4910 2
4911 2
4912 2
4913 2
4914 2
4915 2
4916 2
4917 2
4918 2
4919 2
4920 2
4921 2
4922 2
4923 2
4924 2
4925 2
4926 2
4927 2
4928 2
4929 2
4930 2
4931 2
4932 2
4933 2
4934 2
4935 2
4936 3
4937 3
4938 3
4939 3
4940 3
4941 3
4942 3
4943 3
4944 3
4945 3
4946 3
4947 3
4948 3
4949 3
4950 3
4951 3
4952 3
4953 3
4954 3
4955 3
4956 3
4957 3
4958 3
4959 3
4960 3
4961 3
4962 3
4963 3
4964 3
4965 3
4966 3
4967 3
4968 3
4969 3
4970 3
4971 3
4972 3
4973 3
4974 3
4975 3
4976 0
4977 0
4978 0
4979 0
4980 0
4981 0
4982 0
4983 0
4984 0
4985 0
4986 0
4987 0
4988 0
4989 0
4990 0
4991 0
4992 0
4993 0
4994 0
4995 0
4996 0
4997 0
4998 0
4999 0
5000 0
5001 0
5002 0
5003 0
5004 0
5005 0
5006 0
5007 0
5008 0
5009 0
5010 0
5011 0
5012 0
5013 0
5014 0
5015 0
5016 0
5017 0
5018 0
5019 0
5020 0
5021 0
5022 0
5023 0
5024 0
5025 0
5026 0
5027 2
5028 2
5029 2
5030 2
5031 2
5032 2
5033 2
5034 2
5035 2
5036 2
5037 2
5038 2
5039 2
5040 2
5041 2
5042 2
5043 2
5044 2
5045 2
5046 2
5047 2
5048 2
5049 2
5050 2
5051 2
5052 2
5053 2
5054 2
5055 2
5056 2
5057 2
5058 2
5059 2
5060 2
5061 2
5062 2
5063 2
5064 2
5065 2
5066 2
5067 2
5068 2
5069 2
5070 2
5071 2
5072 2
5073 2
5074 2
5075 2
5076 2
5077 2
5078 2
5079 2
5080 2
5081 2
5082 2
5083 2
5084 2
5085 2
5086 2
5087 2
5088 2
5089 2
5090 2
5091 2
5092 2
5093 2
5094 2
5095 2
5096 3
5097 3
5098 2
5099 2
5100 1
5101 1
5102 1
5103 1
5104 1
5105 1
5106 1
5107 1
5108 1
5109 1
5110 1
5111 1
5112 1
5113 1
5114 1
5115 1
5116 1
5117 1
5118 1
5119 1
5120 1
5121 1
5122 1
5123 1
5124 1
5125 1
5126 1
5127 1
5128 1
5129 1
5130 1
5131 1
5132 1
5133 1
5134 1
5135 3
5136 3
5137 3
5138 3
5139 3
5140 3
5141 3
5142 3
5143 3
5144 3
5145 3
5146 3
5147 3
5148 3
5149 3
5150 3
5151 3
5152 3
5153 3
5154 3
5155 3
5156 0
5157 0
5158 0
5159 0
5160 0
5161 0
5162 0
5163 0
5164 0
5165 0
5166 0
5167 0
5168 0
5169 0
5170 0
5171 0
5172 0
5173 0
5174 0
5175 0
5176 0
5177 0
5178 0
5179 0
5180 0
5181 0
5182 0
5183 0
5184 0
5185 0
5186 0
5187 0
5188 0
5189 0
5190 0
5191 0
5192 0
5193 2
5194 2
5195 2
5196 2
5197 2
5198 2
5199 2
5200 2
5201 2
5202 2
5203 2
5204 2
5205 2
5206 2
5207 2
5208 2
5209 2
5210 2
5211 2
5212 2
5213 2
5214 2
5215 2
5216 2
5217 2
5218 2
5219 2
5220 2
5221 2
5222 2
5223 2
5224 2
5225 2
5226 2
5227 2
5228 2
5229 2
5230 2
5231 2
5232 2
5233 2
5234 2
5235 2
5236 2
5237 2
5238 2
5239 2
5240 2
5241 2
5242 2
5243 2
5244 2
5245 2
5246 2
5247 2
5248 2
5249 2
5250 2
5251 2
5252 2
5253 2
5254 2
5255 2
5256 2
5257 2
5258 1
5259 1
5260 1
5261 1
5262 1
5263 1
5264 1
5265 1
5266 1
5267 1
5268 1
5269 1
5270 1
5271 1
5272 1
5273 1
5274 1
5275 3
5276 3
5277 3
5278 3
5279 3
5280 3
5281 3
5282 3
5283 3
5284 3
5285 3
5286 3
5287 3
5288 3
5289 3
5290 3
5291 3
5292 3
5293 3
5294 3
5295 3
5296 0
5297 0
5298 0
5299 0
5300 0
5301 0
5302 0
5303 0
5304 0
5305 0
5306 0
5307 0
5308 0
5309 0
5310 0
5311 0
5312 0
5313 0
5314 0
5315 0
5316 0
5317 0
5318 0
5319 0
5320 0
5321 0
5322 0
5323 0
5324 0
5325 0
5326 0
5327 0
5328 0
5329 0
5330 0
5331 0
5332 0
5333 2
5334 2
5335 2
5336 2
5337 2
5338 2
5339 2
5340 2
5341 2
5342 2
5343 2
5344 2
5345 2
5346 2
5347 2
5348 2
5349 2
5350 2
5351 2
5352 2
5353 2
5354 2
5355 2
5356 2
5357 2
5358 3
5359 3
5360 3
5361 3
5362 3
5363 3
5364 3
5365 3
5366 3
5367 3
5368 3
5369 3
5370 3
5371 3
5372 3
5373 3
5374 3
5375 3
5376 3
5377 3
5378 3
5379 3
5380 3
5381 3
5382 3
5383 3
5384 3
5385 3
5386 3
5387 3
5388 3
5389 3
5390 3
5391 3
5392 3
5393 3
5394 3
5395 3
5396 3
5397 3
5398 3
5399 3
5400 3
5401 3
5402 3
5403 3
5404 3
5405 1
5406 1
5407 1
5408 1
5409 1
5410 1
5411 1
5412 1
5413 1
5414 1
5415 1
5416 1
5417 1
5418 1
5419 1
5420 1
5421 1
5422 1
5423 1
5424 1
5425 1
5426 1
5427 1
5428 1
5429 1
5430 1
5431 1
5432 1
5433 1
5434 1
5435 1
5436 1
5437 1
5438 1
5439 1
5440 1
5441 1
5442 3
5443 3
5444 3
5445 3
5446 3
5447 3
5448 3
5449 3
5450 3
5451 3
5452 3
5453 3
5454 3
5455 3
5456 3
5457 3
5458 3
5459 3
5460 3
5461 3
5462 3
5463 3
5464 3
5465 3
5466 3
5467 3
5468 3
5469 3
5470 3
5471 3
5472 3
5473 3
5474 3
5475 3
5476 3
5477 3
5478 3
5479 3
5480 3
5481 3
5482 3
5483 3
5484 3
5485 3
5486 3
5487 3
5488 3
5489 3
5490 3
5491 3
5492 3
5493 3
5494 3
5495 3
5496 3
5497 3
5498 3
5499 3
5500 3
5501 3
5502 3
5503 3
5504 3
5505 3
5506 1
5507 1
5508 1
5509 1
5510 1
5511 1
5512 1
5513 1
5514 1
5515 1
5516 1
5517 1
5518 1
5519 1
5520 1
5521 1
5522 1
5523 1
5524 1
5525 1
5526 1
5527 1
5528 1
5529 1
5530 1
5531 1
5532 1
5533 1
5534 1
5535 1
5536 1
5537 1
5538 1
5539 1
5540 1
5541 1
5542 3
5543 3
5544 3
5545 3
5546 3
5547 3
5548 3
5549 3
5550 3
5551 3
5552 3
5553 3
5554 3
5555 3
5556 3
5557 3
5558 3
5559 3
5560 3
5561 3
5562 3
5563 3
5564 3
5565 3
5566 3
5567 3
5568 3
5569 3
5570 3
5571 3
5572 3
5573 3
5574 3
5575 3
5576 3
5577 3
5578 3
5579 3
5580 3
5581 3
5582 3
5583 3
5584 3
5585 3
5586 3
5587 3
5588 3
5589 3
5590 3
5591 3
5592 3
5593 3
5594 3
5595 3
5596 3
5597 3
5598 3
5599 3
5600 3
5601 3
5602 3
5603 3
5604 3
5605 1
5606 1
5607 1
5608 1
5609 1
5610 1
5611 1
5612 1
5613 1
5614 1
5615 1
5616 1
5617 1
5618 1
5619 1
5620 1
5621 1
5622 1
5623 1
5624 1
5625 1
5626 1
5627 1
5628 1
5629 1
5630 1
5631 1
5632 1
5633 1
5634 1
5635 1
5636 1
5637 1
5638 1
5639 1
5640 1
5641 1
5642 3
5643 3
5644 3
5645 3
5646 3
5647 3
5648 3
5649 3
5650 3
5651 3
5652 3
5653 3
5654 3
5655 3
5656 3
5657 3
5658 3
5659 3
5660 3
5661 3
5662 3
5663 3
5664 3
5665 3
5666 3
5667 3
5668 3
5669 3
5670 3
5671 3
5672 3
5673 3
5674 3
5675 3
5676 3
5677 3
5678 3
5679 3
5680 3
5681 3
5682 3
5683 3
5684 3
5685 3
5686 3
5687 3
5688 3
5689 3
5690 3
5691 3
5692 3
5693 3
5694 3
5695 3
5696 3
5697 3
5698 3
5699 3
5700 3
5701 3
5702 3
5703 3
5704 3
5705 3
5706 1
5707 1
5708 1
5709 1
5710 1
5711 1
5712 1
5713 1
5714 1
5715 1
5716 1
5717 1
5718 1
5719 1
5720 1
5721 1
5722 1
5723 1
5724 1
5725 1
5726 1
5727 1
5728 1
5729 1
5730 1
5731 1
5732 1
5733 1
5734 1
5735 1
5736 1
5737 1
5738 1
5739 1
5740 1
5741 1
5742 3
5743 3
5744 3
5745 3
5746 3
5747 3
5748 3
5749 3
5750 3
5751 3
5752 3
5753 3
5754 3
5755 3
5756 3
5757 3
5758 3
5759 3
5760 3
5761 3
5762 3
5763 3
5764 3
5765 3
5766 3
5767 3
5768 3
5769 3
5770 3
5771 3
5772 3
5773 3
5774 3
5775 3
5776 3
5777 3
5778 3
5779 3
5780 3
5781 3
5782 3
5783 3
5784 3
5785 3
5786 3
5787 3
5788 3
5789 3
5790 3
5791 3
5792 3
5793 3
5794 3
5795 3
5796 3
5797 3
5798 3
5799 3
5800 3
5801 3
5802 3
5803 3
5804 3
5805 3
5806 1
5807 1
5808 1
5809 1
5810 1
5811 1
5812 1
5813 1
5814 1
5815 1
5816 1
5817 1
5818 1
5819 1
5820 1
5821 1
5822 1
5823 1
5824 1
5825 1
5826 1
5827 1
5828 1
5829 1
5830 1
5831 1
5832 1
5833 1
5834 1
5835 1
5836 1
5837 1
5838 1
5839 1
5840 1
5841 1
5842 3
5843 3
5844 3
5845 3
5846 3
5847 3
5848 3
5849 3
5850 3
5851 3
5852 3
5853 3
5854 3
5855 3
5856 3
5857 3
5858 3
5859 3
5860 3
5861 3
5862 3
5863 3
5864 3
5865 3
5866 3
5867 3
5868 3
5869 3
5870 3
5871 3
5872 3
5873 3
5874 3
5875 3
5876 3
5877 3
5878 3
5879 3
5880 3
5881 3
5882 3
5883 3
5884 3
5885 3
5886 3
5887 3
5888 3
5889 3
5890 3
5891 3
5892 3
5893 3
5894 3
5895 3
5896 3
5897 3
5898 3
5899 3
5900 3
5901 3
5902 3
5903 3
5904 3
5905 3
5906 3
5907 1
5908 1
5909 1
5910 1
5911 1
5912 1
5913 1
5914 1
5915 1
5916 1
5917 1
5918 1
5919 1
5920 1
5921 1
5922 1
5923 1
5924 1
5925 1
5926 1
5927 1
5928 1
5929 1
5930 1
5931 1
5932 1
5933 1
5934 1
5935 1
5936 1
5937 1
5938 1
5939 1
5940 1
5941 3
5942 3
5943 3
5944 3
5945 3
5946 3
5947 3
5948 3
5949 3
5950 3
5951 3
5952 3
5953 3
5954 3
5955 3
5956 3
5957 3
5958 3
5959 3
5960 3
5961 3
5962 3
5963 3
5964 3
5965 3
5966 3
5967 3
5968 3
5969 3
5970 3
5971 3
5972 3
5973 3
5974 3
5975 3
5976 3
5977 3
5978 3
5979 3
5980 3
5981 3
5982 3
5983 3
5984 3
5985 3
5986 3
5987 3
5988 3
5989 3
5990 3
5991 3
5992 3
5993 3
5994 3
5995 3
5996 3
5997 3
5998 3
5999 3
6000 3
6001 3
6002 3
6003 3
6004 3
6005 1
6006 1
6007 1
6008 1
6009 1
6010 1
6011 1
6012 1
6013 1
6014 1
6015 1
6016 1
6017 1
6018 1
6019 1
6020 1
6021 1
6022 1
6023 1
6024 1
6025 1
6026 1
6027 1
6028 1
6029 1
6030 1
6031 1
6032 1
6033 1
6034 1
6035 1
6036 1
6037 1
6038 1
6039 3
6040 3
6041 3
6042 3
6043 3
6044 3
6045 3
6046 3
6047 3
6048 3
6049 3
6050 3
6051 3
6052 3
6053 3
6054 3
6055 3
6056 3
6057 3
6058 3
6059 3
6060 3
6061 3
6062 3
6063 3
6064 3
6065 3
6066 3
6067 3
6068 3
6069 3
6070 3
6071 3
6072 3
6073 3
6074 3
6075 3
6076 3
6077 3
6078 3
6079 3
6080 3
6081 3
6082 3
6083 3
6084 3
6085 3
6086 3
6087 3
6088 3
6089 3
6090 3
6091 3
6092 3
6093 3
6094 3
6095 3
6096 3
6097 3
6098 3
6099 3
6100 3
6101 3
6102 3
6103 3
6104 1
6105 1
6106 1
6107 1
6108 1
6109 1
6110 1
6111 1
6112 1
6113 1
6114 1
6115 1
6116 1
6117 1
6118 1
6119 1
6120 1
6121 1
6122 1
6123 1
6124 1
6125 1
6126 1
6127 1
6128 1
6129 1
6130 1
6131 1
6132 1
6133 1
6134 1
6135 1
6136 1
6137 1
6138 1
6139 1
6140 3
6141 3
6142 3
6143 3
6144 3
6145 3
6146 3
6147 3
6148 3
6149 3
6150 3
6151 3
6152 3
6153 3
6154 3
6155 3
6156 3
6157 3
6158 3
6159 3
6160 3
6161 3
6162 3
6163 3
6164 3
6165 3
6166 3
6167 3
6168 3
6169 3
6170 3
6171 3
6172 3
6173 3
6174 3
6175 3
6176 3
6177 3
6178 3
6179 3
6180 3
6181 3
6182 3
6183 3
6184 3
6185 3
6186 3
6187 3
6188 3
6189 3
6190 3
6191 3
6192 3
6193 3
6194 3
6195 3
6196 3
6197 3
6198 3
6199 3
6200 3
6201 3
6202 3
6203 1
6204 1
6205 1
6206 1
6207 1
6208 1
6209 1
6210 1
6211 1
6212 1
6213 1
6214 1
6215 1
6216 1
6217 1
6218 1
6219 1
6220 1
6221 1
6222 1
6223 1
6224 1
6225 1
6226 1
6227 1
6228 1
6229 1
6230 1
6231 1
6232 1
6233 1
6234 1
6235 1
6236 1
6237 1
6238 1
6239 3
6240 3
6241 3
6242 3
6243 3
6244 3
6245 3
6246 3
6247 3
6248 3
6249 3
6250 3
6251 3
6252 3
6253 3
6254 3
6255 3
6256 3
6257 3
6258 3
6259 3
6260 3
6261 3
6262 3
6263 3
6264 3
6265 3
6266 3
6267 3
6268 3
6269 3
6270 3
6271 3
6272 3
6273 3
6274 3
6275 3
6276 3
6277 3
6278 3
6279 3
6280 3
6281 3
6282 3
6283 3
6284 3
6285 3
6286 3
6287 3
6288 3
6289 3
6290 3
6291 3
6292 3
6293 3
6294 3
6295 3
6296 3
6297 3
6298 3
6299 3
6300 3
6301 3
6302 3
6303 1
6304 1
6305 1
6306 1
6307 1
6308 1
6309 1
6310 1
6311 1
6312 1
6313 1
6314 1
6315 1
6316 1
6317 1
6318 1
6319 1
6320 1
6321 1
6322 1
6323 1
6324 1
6325 1
6326 1
6327 1
6328 1
6329 1
6330 1
6331 1
6332 1
6333 1
6334 1
6335 1
6336 1
6337 1
6338 1
6339 3
6340 3
6341 3
6342 3
6343 3
6344 3
6345 3
6346 3
6347 3
6348 3
6349 3
6350 3
6351 3
6352 3
6353 3
6354 3
6355 3
6356 3
6357 3
6358 3
6359 3
6360 3
6361 3
6362 3
6363 3
6364 3
6365 3
6366 3
6367 3
6368 3
6369 3
6370 3
6371 3
6372 3
6373 3
6374 3
6375 3
6376 3
6377 3
6378 3
6379 3
6380 3
6381 3
6382 3
6383 3
6384 3
6385 3
6386 3
6387 3
6388 3
6389 3
6390 3
6391 3
6392 3
6393 3
6394 3
6395 3
6396 3
6397 3
6398 3
6399 3
6400 3
6401 1
6402 1
6403 1
6404 1
6405 1
6406 1
6407 1
6408 1
6409 1
6410 1
6411 1
6412 1
6413 1
6414 1
6415 1
6416 1
6417 1
6418 1
6419 1
6420 1
6421 1
6422 1
6423 1
6424 1
6425 1
6426 1
6427 1
6428 1
6429 1
6430 1
6431 1
6432 1
6433 1
6434 1
6435 1
6436 1
6437 1
6438 3
6439 3
6440 3
6441 3
6442 3
6443 3
6444 3
6445 3
6446 3
6447 3
6448 3
6449 3
6450 3
6451 3
6452 3
6453 3
6454 3
6455 3
6456 3
6457 3
6458 3
6459 3
6460 3
6461 3
6462 3
6463 3
6464 3
6465 3
6466 3
6467 3
6468 3
6469 3
6470 3
6471 3
6472 3
6473 3
6474 3
6475 3
6476 3
6477 3
6478 3
6479 3
6480 3
6481 3
6482 3
6483 3
6484 3
6485 3
6486 3
6487 3
6488 3
6489 3
6490 3
6491 3
6492 3
6493 3
6494 3
6495 3
6496 3
6497 3
6498 3
6499 3
6500 1
6501 1
6502 1
6503 1
6504 1
6505 1
6506 1
6507 1
6508 1
6509 1
6510 1
6511 1
6512 1
6513 1
6514 1
6515 1
6516 1
6517 1
6518 1
6519 1
6520 1
6521 1
6522 1
6523 1
6524 1
6525 1
6526 1
6527 1
6528 1
6529 1
6530 1
6531 1
6532 1
6533 1
6534 1
6535 1
6536 1
6537 3
6538 3
6539 3
6540 3
6541 3
6542 3
6543 3
6544 3
6545 3
6546 3
6547 3
6548 3
6549 3
6550 3
6551 3
6552 3
6553 3
6554 3
6555 3
6556 3
6557 3
6558 3
6559 3
6560 3
6561 3
6562 3
6563 3
6564 3
6565 3
6566 3
6567 3
6568 3
6569 3
6570 3
6571 3
6572 3
6573 3
6574 3
6575 3
6576 3
6577 3
6578 3
6579 3
6580 3
6581 3
6582 3
6583 3
6584 3
6585 3
6586 3
6587 3
6588 3
6589 3
6590 3
6591 3
6592 3
6593 3
6594 3
6595 3
6596 3
6597 3
6598 1
6599 1
6600 1
6601 1
6602 1
6603 1
6604 1
6605 1
6606 1
6607 1
6608 1
6609 1
6610 1
6611 1
6612 1
6613 1
6614 1
6615 1
6616 1
6617 1
6618 1
6619 1
6620 1
6621 1
6622 1
6623 1
6624 1
6625 1
6626 1
6627 1
6628 1
6629 1
6630 1
6631 1
6632 1
6633 1
6634 1
6635 1
6636 3
6637 3
6638 3
6639 3
6640 3
6641 3
6642 3
6643 3
6644 3
6645 3
6646 3
6647 3
6648 3
6649 3
6650 3
6651 3
6652 3
6653 3
6654 3
6655 3
6656 3
6657 3
6658 3
6659 3
6660 3
6661 3
6662 3
6663 3
6664 3
6665 3
6666 3
6667 3
6668 3
6669 3
6670 3
6671 3
6672 3
6673 3
6674 3
6675 3
6676 3
6677 3
6678 3
6679 3
6680 3
6681 3
6682 3
6683 3
6684 3
6685 3
6686 3
6687 3
6688 3
6689 3
6690 3
6691 3
6692 3
6693 3
6694 3
6695 3
6696 1
6697 1
6698 1
6699 1
6700 1
6701 1
6702 1
6703 1
6704 1
6705 1
6706 1
6707 1
6708 1
6709 1
6710 1
6711 1
6712 1
6713 1
6714 1
6715 1
6716 1
6717 1
6718 1
6719 1
6720 1
6721 1
6722 1
6723 1
6724 1
6725 1
6726 1
6727 1
6728 1
6729 1
6730 1
6731 1
6732 1
6733 1
6734 3
6735 3
6736 3
6737 3
6738 3
6739 3
6740 3
6741 3
6742 3
6743 3
6744 3
6745 3
6746 3
6747 3
6748 3
6749 3
6750 3
6751 3
6752 3
6753 3
6754 3
6755 3
6756 3
6757 3
6758 3
6759 3
6760 3
6761 3
6762 3
6763 3
6764 3
6765 3
6766 3
6767 3
6768 3
6769 3
6770 3
6771 3
6772 3
6773 3
6774 3
6775 3
6776 3
6777 3
6778 3
6779 3
6780 3
6781 3
6782 3
6783 3
6784 3
6785 3
6786 3
6787 3
6788 3
6789 3
6790 3
6791 3
6792 1
6793 1
6794 1
6795 1
6796 1
6797 1
6798 1
6799 1
6800 1
6801 1
6802 1
6803 1
6804 1
6805 1
6806 1
6807 1
6808 1
6809 1
6810 1
6811 1
6812 1
6813 1
6814 1
6815 1
6816 1
6817 1
6818 1
6819 1
6820 1
6821 1
6822 1
6823 1
6824 1
6825 1
6826 1
6827 1
6828 1
6829 1
6830 1
6831 3
6832 3
6833 3
6834 3
6835 3
6836 3
6837 3
6838 3
6839 3
6840 3
6841 3
6842 3
6843 3
6844 3
6845 3
6846 3
6847 3
6848 3
6849 3
6850 3
6851 3
6852 3
6853 3
6854 3
6855 3
6856 3
6857 3
6858 3
6859 3
6860 3
6861 3
6862 3
6863 3
6864 3
6865 3
6866 3
6867 3
6868 3
6869 3
6870 3
6871 3
6872 3
6873 3
6874 3
6875 3
6876 3
6877 3
6878 3
6879 3
6880 3
6881 3
6882 3
6883 3
6884 3
6885 3
6886 3
6887 3
6888 3
6889 3
6890 1
6891 1
6892 1
6893 1
6894 1
6895 1
6896 1
6897 1
6898 1
6899 1
6900 1
6901 1
6902 1
6903 1
6904 1
6905 1
6906 1
6907 1
6908 1
6909 1
6910 1
6911 1
6912 1
6913 1
6914 1
6915 1
6916 1
6917 1
6918 1
6919 1
6920 1
6921 1
6922 1
6923 1
6924 1
6925 1
6926 1
6927 1
6928 1
6929 1
6930 1
6931 3
6932 3
6933 3
6934 3
6935 3
6936 3
6937 3
6938 3
6939 3
6940 3
6941 3
6942 3
6943 3
6944 3
6945 3
6946 3
6947 3
6948 3
6949 3
6950 3
6951 3
6952 3
6953 3
6954 3
6955 3
6956 3
6957 3
6958 3
6959 3
6960 3
6961 3
6962 3
6963 3
6964 3
6965 3
6966 3
6967 3
6968 3
6969 3
6970 3
6971 3
6972 3
6973 3
6974 3
6975 3
6976 3
6977 3
6978 3
6979 3
6980 3
6981 3
6982 3
6983 3
6984 3
6985 3
6986 3
6987 3
6988 1
6989 1
6990 1
6991 1
6992 1
6993 1
6994 1
6995 1
6996 1
6997 1
6998 1
6999 1
7000 1
7001 1
7002 1
7003 1
7004 1
7005 1
7006 1
7007 1
7008 1
7009 1
7010 1
7011 1
7012 1
7013 1
7014 1
7015 1
7016 1
7017 1
7018 1
7019 1
7020 1
7021 1
7022 1
7023 1
7024 1
7025 1
7026 1
7027 1
7028 1
7029 1
7030 3
7031 3
7032 3
7033 3
7034 3
7035 3
7036 3
7037 3
7038 3
7039 3
7040 3
7041 3
7042 3
7043 3
7044 3
7045 3
7046 3
7047 3
7048 3
7049 3
7050 3
7051 3
7052 3
7053 3
7054 3
7055 3
7056 3
7057 3
7058 3
7059 3
7060 3
7061 3
7062 3
7063 3
7064 3
7065 3
7066 3
7067 3
7068 3
7069 3
7070 3
7071 3
7072 3
7073 3
7074 3
7075 3
7076 3
7077 3
7078 3
7079 3
7080 3
7081 3
7082 3
7083 3
7084 3
7085 3
7086 3
7087 3
7088 3
7089 1
7090 1
7091 1
7092 1
7093 1
7094 1
7095 1
7096 1
7097 1
7098 1
7099 1
7100 1
7101 1
7102 1
7103 1
7104 1
7105 1
7106 1
7107 1
7108 1
7109 1
7110 1
7111 1
7112 1
7113 1
7114 1
7115 1
7116 1
7117 1
7118 1
7119 1
7120 1
7121 1
7122 1
7123 1
7124 1
7125 1
7126 1
7127 1
7128 1
7129 1
7130 3
7131 3
7132 3
7133 3
7134 3
7135 3
7136 3
7137 3
7138 3
7139 3
7140 3
7141 3
7142 3
7143 3
7144 3
7145 3
7146 3
7147 3
7148 3
7149 3
7150 3
7151 3
7152 3
7153 3
7154 3
7155 3
7156 3
7157 3
7158 3
7159 3
7160 3
7161 3
7162 3
7163 3
7164 3
7165 3
7166 3
7167 3
7168 3
7169 3
7170 3
7171 3
7172 3
7173 3
7174 3
7175 3
7176 3
7177 3
7178 3
7179 3
7180 3
7181 3
7182 3
7183 3
7184 3
7185 3
7186 3
7187 3
7188 3
7189 3
7190 1
7191 1
7192 1
7193 1
7194 1
7195 1
7196 1
7197 1
7198 1
7199 1
7200 1
7201 1
7202 1
7203 1
7204 1
7205 1
7206 1
7207 1
7208 1
7209 1
7210 1
7211 1
7212 1
7213 1
7214 1
7215 1
7216 1
7217 1
7218 1
7219 1
7220 1
7221 1
7222 1
7223 1
7224 1
7225 1
7226 1
7227 1
7228 3
7229 3
7230 3
7231 3
7232 3
7233 3
7234 3
7235 3
7236 3
7237 3
7238 3
7239 3
7240 3
7241 3
7242 3
7243 3
7244 3
7245 3
7246 3
7247 3
7248 2
7249 2
7250 2
7251 2
7252 2
7253 2
7254 2
7255 2
7256 2
7257 2
7258 2
7259 2
7260 2
7261 2
7262 2
7263 2
7264 2
7265 2
7266 2
7267 2
7268 2
7269 2
7270 2
7271 2
7272 2
7273 2
7274 2
7275 2
7276 2
7277 2
7278 2
7279 2
7280 2
7281 2
7282 2
7283 2
7284 2
7285 2
7286 2
7287 2
7288 2
7289 1
7290 1
7291 1
7292 1
7293 1
7294 1
7295 1
7296 1
7297 1
7298 1
7299 1
7300 1
7301 1
7302 1
7303 1
7304 1
7305 1
7306 1
7307 1
7308 1
7309 1
7310 1
7311 1
7312 1
7313 1
7314 1
7315 1
7316 1
7317 1
7318 1
7319 1
7320 1
7321 1
7322 1
7323 1
7324 1
7325 1
7326 3
7327 3
7328 3
7329 3
7330 3
7331 3
7332 3
7333 3
7334 3
7335 3
7336 3
7337 3
7338 3
7339 3
7340 3
7341 3
7342 3
7343 3
7344 3
7345 3
7346 3
7347 0
7348 1
7349 1
7350 1
7351 1
7352 1
7353 1
7354 1
7355 1
7356 3
7357 3
7358 3
7359 3
7360 3
7361 3
7362 3
7363 3
7364 3
7365 3
7366 3
7367 3
7368 3
7369 3
7370 3
7371 3
7372 3
7373 3
7374 3
7375 3
7376 3
7377 3
7378 3
7379 3
7380 3
7381 3
7382 3
7383 3
7384 3
7385 3
7386 3
7387 1
7388 1
7389 1
7390 1
7391 1
7392 1
7393 1
7394 1
7395 1
7396 1
7397 1
7398 1
7399 1
7400 1
7401 1
7402 1
7403 1
7404 1
7405 1
7406 1
7407 1
7408 1
7409 1
7410 1
7411 1
7412 1
7413 1
7414 1
7415 1
7416 1
7417 1
7418 1
7419 1
7420 1
7421 1
7422 1
7423 1
7424 1
7425 1
7426 1
7427 1
7428 1
7429 1
7430 1
7431 1
7432 1
7433 1
7434 1
7435 1
7436 1
7437 1
7438 1
7439 1
7440 1
7441 1
7442 1
7443 1
7444 1
7445 1
7446 1
7447 1
7448 1
7449 1
7450 1
7451 1
7452 1
7453 1
7454 1
7455 1
7456 1
7457 3
7458 3
7459 3
7460 3
7461 3
7462 3
7463 3
7464 3
7465 3
7466 3
7467 3
7468 3
7469 3
7470 3
7471 3
7472 3
7473 3
7474 3
7475 3
7476 3
7477 3
7478 3
7479 3
7480 3
7481 3
7482 3
7483 3
7484 3
7485 3
7486 3
7487 1
7488 1
7489 1
7490 1
7491 1
7492 1
7493 1
7494 1
7495 1
7496 1
7497 1
7498 1
7499 1
7500 1
7501 1
7502 1
7503 1
7504 1
7505 1
7506 1
7507 1
7508 1
7509 1
7510 1
7511 1
7512 1
7513 1
7514 1
7515 1
7516 1
7517 1
7518 1
7519 1
7520 1
7521 1
7522 1
7523 1
7524 1
7525 1
7526 1
7527 1
7528 1
7529 1
7530 1
7531 1
7532 1
7533 1
7534 1
7535 1
7536 1
7537 1
7538 1
7539 1
7540 1
7541 1
7542 1
7543 1
7544 1
7545 1
7546 1
7547 1
7548 1
7549 1
7550 1
7551 1
7552 1
7553 1
7554 1
7555 1
7556 3
7557 3
7558 3
7559 3
7560 3
7561 3
7562 3
7563 3
7564 3
7565 3
7566 3
7567 3
7568 3
7569 3
7570 3
7571 3
7572 3
7573 3
7574 3
7575 3
7576 3
7577 3
7578 3
7579 3
7580 3
7581 3
7582 3
7583 3
7584 3
7585 3
7586 3
7587 1
7588 1
7589 1
7590 1
7591 1
7592 1
7593 1
7594 1
7595 1
7596 1
7597 1
7598 1
7599 1
7600 1
7601 1
7602 1
7603 1
7604 1
7605 1
7606 1
7607 1
7608 1
7609 1
7610 1
7611 1
7612 1
7613 1
7614 1
7615 1
7616 1
7617 1
7618 1
7619 1
7620 1
7621 1
7622 1
7623 1
7624 1
7625 1
7626 1
7627 1
7628 1
7629 1
7630 1
7631 1
7632 1
7633 1
7634 1
7635 1
7636 1
7637 1
7638 1
7639 1
7640 1
7641 1
7642 1
7643 1
7644 1
7645 1
7646 1
7647 1
7648 1
7649 1
7650 1
7651 1
7652 1
7653 1
7654 1
7655 1
7656 1
7657 3
7658 3
7659 3
7660 3
7661 3
7662 3
7663 3
7664 3
7665 3
7666 3
7667 3
7668 3
7669 3
7670 3
7671 3
7672 3
7673 3
7674 3
7675 3
7676 3
7677 3
7678 3
7679 3
7680 3
7681 3
7682 3
7683 3
7684 3
7685 3
7686 3
7687 1
7688 1
7689 1
7690 1
7691 1
7692 1
7693 1
7694 1
7695 1
7696 1
7697 1
7698 1
7699 1
7700 1
7701 1
7702 1
7703 1
7704 1
7705 1
7706 1
7707 1
7708 1
7709 1
7710 1
7711 1
7712 1
7713 1
7714 1
7715 1
7716 1
7717 1
7718 1
7719 1
7720 1
7721 1
7722 1
7723 1
7724 1
7725 1
7726 1
7727 1
7728 1
7729 1
7730 1
7731 1
7732 1
7733 1
7734 1
7735 1
7736 1
7737 1
7738 1
7739 1
7740 1
7741 1
7742 1
7743 1
7744 1
7745 1
7746 1
7747 1
7748 1
7749 1
7750 1
7751 1
7752 1
7753 1
7754 1
7755 1
7756 3
7757 3
7758 3
7759 3
7760 3
7761 3
7762 3
7763 3
7764 3
7765 3
7766 3
7767 3
7768 3
7769 3
7770 3
7771 3
7772 3
7773 3
7774 3
7775 3
7776 3
7777 3
7778 3
7779 3
7780 3
7781 3
7782 3
7783 3
7784 3
7785 3
7786 3
7787 1
7788 1
7789 1
7790 1
7791 1
7792 1
7793 1
7794 1
7795 1
7796 1
7797 1
7798 1
7799 1
7800 1
7801 1
7802 1
7803 1
7804 1
7805 1
7806 1
7807 1
7808 1
7809 1
7810 1
7811 1
7812 1
7813 1
7814 1
7815 1
7816 1
7817 1
7818 1
7819 1
7820 1
7821 1
7822 1
7823 1
7824 1
7825 1
7826 1
7827 1
7828 1
7829 1
7830 1
7831 1
7832 1
7833 1
7834 1
7835 1
7836 1
7837 1
7838 1
7839 1
7840 1
7841 1
7842 1
7843 1
7844 1
7845 1
7846 1
7847 1
7848 1
7849 1
7850 1
7851 1
7852 1
7853 1
7854 1
7855 1
7856 3
7857 3
7858 3
7859 3
7860 3
7861 3
7862 3
7863 3
7864 3
7865 3
7866 3
7867 3
7868 3
7869 3
7870 3
7871 3
7872 3
7873 3
7874 3
7875 3
7876 3
7877 3
7878 3
7879 3
7880 3
7881 3
7882 3
7883 3
7884 3
7885 3
7886 3
7887 3
7888 1
7889 1
7890 1
7891 1
7892 1
7893 1
7894 1
7895 1
7896 1
7897 1
7898 1
7899 1
7900 1
7901 1
7902 1
7903 1
7904 1
7905 1
7906 1
7907 1
7908 1
7909 1
7910 1
7911 1
7912 1
7913 1
7914 1
7915 1
7916 1
7917 1
7918 1
7919 1
7920 1
7921 1
7922 1
7923 1
7924 1
7925 1
7926 1
7927 1
7928 1
7929 1
7930 1
7931 1
7932 1
7933 1
7934 1
7935 1
7936 1
7937 1
7938 1
7939 1
7940 1
7941 1
7942 1
7943 1
7944 1
7945 1
7946 1
7947 1
7948 1
7949 1
7950 1
7951 1
7952 1
7953 1
7954 1
7955 1
7956 3
7957 3
7958 3
7959 3
7960 3
7961 3
7962 3
7963 3
7964 3
7965 3
7966 3
7967 3
7968 3
7969 3
7970 3
7971 3
7972 3
7973 3
7974 3
7975 3
7976 3
7977 3
7978 3
7979 3
7980 3
7981 3
7982 3
7983 3
7984 3
7985 3
7986 3
7987 1
7988 1
7989 1
7990 1
7991 1
7992 1
7993 1
7994 1
7995 1
7996 1
7997 1
7998 1
7999 1
8000 1
8001 1
8002 1
8003 1
8004 1
8005 1
8006 1
8007 1
8008 1
8009 1
8010 1
8011 1
8012 1
8013 1
8014 1
8015 1
8016 1
8017 1
8018 1
8019 1
8020 1
8021 1
8022 1
8023 1
8024 1
8025 1
8026 1
8027 1
8028 1
8029 1
8030 1
8031 1
8032 1
8033 1
8034 1
8035 1
8036 1
8037 1
8038 1
8039 1
8040 1
8041 1
8042 1
8043 1
8044 1
8045 1
8046 1
8047 1
8048 1
8049 1
8050 1
8051 1
8052 1
8053 1
8054 1
8055 1
8056 1
8057 3
8058 3
8059 3
8060 3
8061 3
8062 3
8063 3
8064 3
8065 3
8066 3
8067 3
8068 3
8069 3
8070 3
8071 3
8072 3
8073 3
8074 3
8075 3
8076 3
8077 3
8078 3
8079 3
8080 3
8081 3
8082 3
8083 3
8084 3
8085 3
8086 3
8087 3
8088 1
8089 1
8090 1
8091 1
8092 1
8093 1
8094 1
8095 1
8096 1
8097 1
8098 1
8099 1
8100 1
8101 1
8102 1
8103 1
8104 1
8105 1
8106 1
8107 1
8108 1
8109 1
8110 1
8111 1
8112 1
8113 1
8114 1
8115 1
8116 1
8117 1
8118 1
8119 1
8120 1
8121 1
8122 1
8123 1
8124 1
8125 1
8126 1
8127 1
8128 1
8129 1
8130 1
8131 1
8132 1
8133 1
8134 1
8135 1
8136 1
8137 1
8138 1
8139 1
8140 1
8141 1
8142 1
8143 1
8144 1
8145 1
8146 1
8147 1
8148 1
8149 1
8150 1
8151 1
8152 1
8153 1
8154 3
8155 3
8156 3
8157 3
8158 3
8159 3
8160 3
8161 3
8162 3
8163 3
8164 3
8165 3
8166 3
8167 3
8168 3
8169 3
8170 3
8171 3
8172 3
8173 3
8174 3
8175 3
8176 3
8177 3
8178 3
8179 3
8180 3
8181 3
8182 3
8183 3
8184 3
8185 1
8186 1
8187 1
8188 1
8189 1
8190 1
8191 1
8192 1
8193 1
8194 1
8195 1
8196 1
8197 1
8198 1
8199 1
8200 1
8201 1
8202 1
8203 1
8204 1
8205 1
8206 1
8207 1
8208 1
8209 1
8210 1
8211 1
8212 1
8213 1
8214 1
8215 1
8216 1
8217 1
8218 1
8219 1
8220 1
8221 1
8222 1
8223 1
8224 1
8225 1
8226 1
8227 1
8228 1
8229 1
8230 1
8231 1
8232 1
8233 1
8234 1
8235 1
8236 1
8237 1
8238 1
8239 1
8240 1
8241 1
8242 1
8243 1
8244 1
8245 1
8246 1
8247 1
8248 1
8249 1
8250 3
8251 3
8252 3
8253 3
8254 3
8255 3
8256 3
8257 3
8258 3
8259 3
8260 3
8261 3
8262 3
8263 3
8264 3
8265 3
8266 3
8267 3
8268 3
8269 3
8270 3
8271 3
8272 3
8273 3
8274 3
8275 3
8276 3
8277 3
8278 3
8279 3
8280 1
8281 1
8282 1
8283 1
8284 1
8285 1
8286 1
8287 1
8288 1
8289 1
8290 1
8291 1
8292 1
8293 1
8294 1
8295 1
8296 1
8297 1
8298 1
8299 1
8300 1
8301 1
8302 1
8303 1
8304 1
8305 1
8306 1
8307 1
8308 1
8309 1
8310 1
8311 1
8312 1
8313 1
8314 1
8315 1
8316 1
8317 1
8318 1
8319 1
8320 1
8321 1
8322 1
8323 1
8324 1
8325 1
8326 1
8327 1
8328 1
8329 1
8330 1
8331 1
8332 1
8333 1
8334 1
8335 1
8336 1
8337 1
8338 1
8339 1
8340 1
8341 1
8342 1
8343 1
8344 3
8345 3
8346 3
8347 3
8348 3
8349 3
8350 3
8351 3
8352 3
8353 3
8354 3
8355 3
8356 3
8357 3
8358 3
8359 3
8360 3
8361 3
8362 3
8363 3
8364 3
8365 3
8366 3
8367 3
8368 3
8369 3
8370 3
8371 3
8372 3
8373 3
8374 3
8375 1
8376 1
8377 1
8378 1
8379 1
8380 1
8381 1
8382 1
8383 1
8384 1
8385 1
8386 1
8387 1
8388 1
8389 1
8390 1
8391 1
8392 1
8393 1
8394 1
8395 1
8396 1
8397 1
8398 1
8399 1
8400 1
8401 1
8402 1
8403 1
8404 1
8405 1
8406 1
8407 1
8408 1
8409 1
8410 1
8411 1
8412 1
8413 1
8414 1
8415 1
8416 1
8417 1
8418 1
8419 1
8420 1
8421 1
8422 1
8423 1
8424 1
8425 1
8426 1
8427 1
8428 1
8429 1
8430 1
8431 1
8432 1
8433 1
8434 1
8435 1
8436 1
8437 1
8438 1
8439 3
8440 3
8441 3
8442 3
8443 3
8444 3
8445 3
8446 3
8447 3
8448 3
8449 3
8450 3
8451 3
8452 3
8453 3
8454 3
8455 3
8456 3
8457 3
8458 3
8459 3
8460 3
8461 3
8462 3
8463 3
8464 3
8465 3
8466 3
8467 3
8468 3
8469 3
8470 3
8471 1
8472 1
8473 1
8474 1
8475 1
8476 1
8477 1
8478 1
8479 1
8480 1
8481 1
8482 1
8483 1
8484 1
8485 1
8486 1
8487 1
8488 1
8489 1
8490 1
8491 1
8492 1
8493 1
8494 1
8495 1
8496 1
8497 1
8498 1
8499 1
8500 1
8501 1
8502 1
8503 1
8504 1
8505 1
8506 1
8507 1
8508 1
8509 1
8510 1
8511 1
8512 1
8513 1
8514 1
8515 1
8516 1
8517 1
8518 1
8519 1
8520 1
8521 1
8522 1
8523 1
8524 1
8525 1
8526 1
8527 1
8528 1
8529 1
8530 1
8531 1
8532 1
8533 3
8534 3
8535 3
8536 3
8537 3
8538 3
8539 3
8540 3
8541 3
8542 3
8543 3
8544 3
8545 3
8546 3
8547 3
8548 3
8549 3
8550 3
8551 3
8552 3
8553 3
8554 3
8555 3
8556 3
8557 3
8558 3
8559 3
8560 3
8561 3
8562 3
8563 3
8564 3
8565 1
8566 1
8567 1
8568 1
8569 1
8570 1
8571 1
8572 1
8573 1
8574 1
8575 1
8576 1
8577 1
8578 1
8579 1
8580 1
8581 1
8582 1
8583 1
8584 1
8585 1
8586 1
8587 1
8588 1
8589 1
8590 1
8591 1
8592 1
8593 1
8594 1
8595 1
8596 1
8597 1
8598 1
8599 1
8600 1
8601 1
8602 1
8603 1
8604 1
8605 1
8606 1
8607 1
8608 1
8609 1
8610 1
8611 1
8612 1
8613 1
8614 1
8615 1
8616 1
8617 1
8618 1
8619 1
8620 1
8621 1
8622 1
8623 1
8624 1
8625 1
8626 1
8627 1
8628 1
8629 3
8630 3
8631 3
8632 3
8633 3
8634 3
8635 3
8636 3
8637 3
8638 3
8639 3
8640 3
8641 3
8642 3
8643 3
8644 3
8645 3
8646 3
8647 3
8648 3
8649 3
8650 3
8651 3
8652 3
8653 3
8654 3
8655 3
8656 3
8657 3
8658 3
8659 3
8660 3
8661 3
8662 1
8663 1
8664 1
8665 1
8666 1
8667 1
8668 1
8669 1
8670 1
8671 1
8672 1
8673 1
8674 1
8675 1
8676 1
8677 1
8678 1
8679 1
8680 1
8681 1
8682 1
8683 1
8684 1
8685 1
8686 1
8687 1
8688 1
8689 1
8690 1
8691 1
8692 1
8693 1
8694 1
8695 1
8696 1
8697 1
8698 1
8699 1
8700 1
8701 1
8702 1
8703 1
8704 1
8705 1
8706 1
8707 1
8708 1
8709 1
8710 1
8711 1
8712 1
8713 1
8714 1
8715 1
8716 1
8717 1
8718 1
8719 1
8720 1
8721 1
8722 1
8723 3
8724 3
8725 3
8726 3
8727 3
8728 3
8729 3
8730 3
8731 3
8732 3
8733 3
8734 3
8735 3
8736 3
8737 3
8738 3
8739 3
8740 3
8741 3
8742 3
8743 3
8744 3
8745 3
8746 3
8747 3
8748 3
8749 3
8750 3
8751 3
8752 3
8753 3
8754 3
8755 3
8756 1
8757 1
8758 1
8759 1
8760 1
8761 1
8762 1
8763 1
8764 1
8765 1
8766 1
8767 1
8768 1
8769 1
8770 1
8771 1
8772 1
8773 1
8774 1
8775 1
8776 1
8777 1
8778 1
8779 1
8780 1
8781 1
8782 1
8783 1
8784 1
8785 1
8786 1
8787 1
8788 1
8789 1
8790 1
8791 1
8792 1
8793 1
8794 1
8795 1
8796 1
8797 1
8798 1
8799 1
8800 1
8801 1
8802 1
8803 1
8804 1
8805 1
8806 1
8807 1
8808 1
8809 1
8810 1
8811 1
8812 1
8813 1
8814 1
8815 1
8816 1
8817 1
8818 1
8819 3
8820 3
8821 3
8822 3
8823 3
8824 3
8825 3
8826 3
8827 3
8828 3
8829 3
8830 3
8831 3
8832 3
8833 3
8834 3
8835 3
8836 3
8837 3
8838 3
8839 3
8840 3
8841 3
8842 3
8843 3
8844 3
8845 3
8846 3
8847 3
8848 3
8849 3
8850 3
8851 3
8852 3
8853 1
8854 1
8855 1
8856 1
8857 1
8858 1
8859 1
8860 1
8861 1
8862 1
8863 1
8864 1
8865 1
8866 1
8867 1
8868 1
8869 1
8870 1
8871 1
8872 1
8873 1
8874 1
8875 1
8876 1
8877 1
8878 1
8879 1
8880 1
8881 1
8882 1
8883 1
8884 1
8885 1
8886 1
8887 1
8888 1
8889 1
8890 1
8891 1
8892 1
8893 1
8894 1
8895 1
8896 1
8897 1
8898 1
8899 1
8900 1
8901 1
8902 1
8903 1
8904 1
8905 1
8906 1
8907 1
8908 1
8909 1
8910 1
8911 1
8912 1
8913 1
8914 3
8915 3
8916 3
8917 3
8918 3
8919 3
8920 3
8921 3
8922 3
8923 3
8924 3
8925 3
8926 3
8927 3
8928 3
8929 3
8930 3
8931 3
8932 3
8933 3
8934 3
8935 3
8936 3
8937 3
8938 3
8939 3
8940 3
8941 3
8942 3
8943 3
8944 3
8945 3
8946 3
8947 3
8948 3
8949 1
8950 1
8951 1
8952 1
8953 1
8954 1
8955 1
8956 1
8957 1
8958 1
8959 1
8960 1
8961 1
8962 1
8963 1
8964 1
8965 1
8966 1
8967 1
8968 1
8969 1
8970 1
8971 1
8972 1
8973 1
8974 1
8975 1
8976 1
8977 1
8978 1
8979 1
8980 1
8981 1
8982 1
8983 1
8984 1
8985 1
8986 1
8987 1
8988 1
8989 1
8990 1
8991 1
8992 1
8993 1
8994 1
8995 1
8996 1
8997 1
8998 1
8999 1
9000 1
9001 1
9002 1
9003 1
9004 1
9005 1
9006 1
9007 1
9008 1
9009 1
9010 1
9011 3
9012 3
9013 3
9014 3
9015 3
9016 3
9017 3
9018 3
9019 3
9020 3
9021 3
9022 3
9023 3
9024 3
9025 3
9026 3
9027 3
9028 3
9029 3
9030 3
9031 3
9032 3
9033 3
9034 3
9035 3
9036 3
9037 3
9038 3
9039 3
9040 3
9041 3
9042 3
9043 3
9044 3
9045 3
9046 1
9047 1
9048 1
9049 1
9050 1
9051 1
9052 1
9053 1
9054 1
9055 1
9056 1
9057 1
9058 1
9059 1
9060 1
9061 1
9062 1
9063 1
9064 1
9065 1
9066 1
9067 1
9068 1
9069 1
9070 1
9071 1
9072 1
9073 1
9074 1
9075 1
9076 1
9077 1
9078 1
9079 1
9080 1
9081 1
9082 1
9083 1
9084 1
9085 1
9086 1
9087 1
9088 1
9089 1
9090 1
9091 1
9092 1
9093 1
9094 1
9095 1
9096 1
9097 1
9098 1
9099 1
9100 1
9101 1
9102 1
9103 1
9104 1
9105 1
9106 1
9107 3
9108 3
9109 3
9110 3
9111 3
9112 3
9113 3
9114 3
9115 3
9116 3
9117 3
9118 3
9119 3
9120 3
9121 3
9122 3
9123 3
9124 3
9125 3
9126 3
9127 3
9128 3
9129 3
9130 3
9131 3
9132 3
9133 3
9134 3
9135 3
9136 3
9137 3
9138 3
9139 3
9140 3
9141 3
9142 3
9143 3
9144 1
9145 1
9146 1
9147 1
9148 1
9149 1
9150 1
9151 1
9152 1
9153 1
9154 1
9155 1
9156 1
9157 1
9158 1
9159 1
9160 1
9161 1
9162 1
9163 1
9164 1
9165 1
9166 1
9167 1
9168 1
9169 1
9170 1
9171 1
9172 1
9173 1
9174 1
9175 1
9176 1
9177 1
9178 1
9179 1
9180 1
9181 1
9182 1
9183 1
9184 1
9185 1
9186 1
9187 1
9188 1
9189 1
9190 1
9191 1
9192 1
9193 1
9194 1
9195 1
9196 1
9197 1
9198 1
9199 0
9200 0
9201 0
9202 0
9203 0
9204 0
9205 0
9206 0
9207 0
9208 0
9209 0
9210 0
9211 0
9212 0
9213 0
9214 0
9215 0
9216 0
9217 0
9218 0
9219 0
9220 0
9221 0
9222 0
9223 0
9224 0
9225 0
9226 0
9227 0
9228 0
9229 0
9230 0
9231 0
9232 0
9233 0
9234 0
9235 2
9236 2
9237 2
9238 2
9239 2
9240 2
9241 2
9242 2
9243 2
9244 2
9245 2
9246 2
9247 2
9248 2
9249 2
9250 2
9251 2
9252 2
9253 2
9254 2
9255 2
9256 2
9257 2
9258 2
9259 2
9260 2
9261 2
9262 2
9263 2
9264 2
9265 2
9266 2
9267 2
9268 2
9269 2
9270 2
9271 2
9272 2
9273 2
9274 2
9275 2
9276 2
9277 2
9278 2
9279 2
9280 2
9281 2
9282 2
9283 2
9284 2
9285 2
9286 2
9287 2
9288 2
9289 2
9290 2
9291 2
9292 2
9293 2
9294 2
9295 2
9296 2
9297 2
9298 2
9299 2
9300 2
9301 2
9302 2
9303 2
9304 2
9305 2
9306 0
9307 0
9308 0
9309 0
9310 0
9311 0
9312 0
9313 0
9314 0
9315 0
9316 0
9317 0
9318 0
9319 0
9320 0
9321 0
9322 0
9323 0
9324 0
9325 0
9326 0
9327 0
9328 0
9329 0
9330 0
9331 0
9332 0
9333 0
9334 0
9335 0
9336 0
9337 0
9338 0
9339 0
9340 0
9341 0
9342 0
9343 0
9344 0
9345 0
9346 0
9347 0
9348 0
9349 0
9350 0
9351 0
9352 0
9353 0
9354 0
9355 0
9356 0
9357 0
9358 0
9359 0
9360 0
9361 0
9362 0
9363 0
9364 0
9365 0
9366 0
9367 0
9368 0
9369 0
9370 0
9371 0
9372 0
9373 0
9374 0
9375 0
9376 0
9377 0
9378 0
9379 0
9380 0
9381 0
9382 0
9383 0
9384 2
9385 2
9386 2
9387 2
9388 2
9389 2
9390 2
9391 2
9392 2
9393 2
9394 2
9395 2
9396 2
9397 2
9398 2
9399 2
9400 2
9401 2
9402 2
9403 2
9404 2
9405 2
9406 0
9407 0
9408 0
9409 0
9410 0
9411 0
9412 0
9413 0
9414 0
9415 0
9416 0
9417 0
9418 0
9419 0
9420 0
9421 0
9422 0
9423 0
9424 0
9425 0
9426 0
9427 0
9428 0
9429 0
9430 0
9431 0
9432 0
9433 0
9434 0
9435 0
9436 0
9437 0
9438 0
9439 0
9440 0
9441 0
9442 0
9443 0
9444 0
9445 0
9446 0
9447 0
9448 0
9449 0
9450 0
9451 0
9452 0
9453 0
9454 0
9455 0
9456 0
9457 0
9458 0
9459 0
9460 0
9461 0
9462 0
9463 0
9464 0
9465 0
9466 0
9467 0
9468 0
9469 0
9470 0
9471 0
9472 0
9473 0
9474 0
9475 0
9476 0
9477 0
9478 0
9479 0
9480 0
9481 0
9482 0
9483 0
9484 2
9485 2
9486 2
9487 2
9488 2
9489 2
9490 2
9491 2
9492 2
9493 2
9494 2
9495 2
9496 2
9497 2
9498 2
9499 2
9500 2
9501 2
9502 2
9503 2
9504 2
9505 2
9506 0
9507 0
9508 0
9509 0
9510 0
9511 0
9512 0
9513 0
9514 0
9515 0
9516 0
9517 0
9518 0
9519 0
9520 0
9521 0
9522 0
9523 0
9524 0
9525 0
9526 0
9527 0
9528 0
9529 0
9530 0
9531 0
9532 0
9533 0
9534 0
9535 0
9536 0
9537 0
9538 0
9539 0
9540 0
9541 0
9542 0
9543 0
9544 0
9545 0
9546 0
9547 0
9548 0
9549 0
9550 0
9551 0
9552 0
9553 0
9554 0
9555 0
9556 0
9557 0
9558 0
9559 0
9560 0
9561 0
9562 0
9563 0
9564 0
9565 0
9566 0
9567 0
9568 0
9569 0
9570 0
9571 0
9572 0
9573 0
9574 0
9575 0
9576 0
9577 0
9578 0
9579 0
9580 0
9581 0
9582 0
9583 0
9584 2
9585 2
9586 2
9587 2
9588 2
9589 2
9590 2
9591 2
9592 2
9593 2
9594 2
9595 2
9596 2
9597 2
9598 2
9599 2
9600 2
9601 2
9602 2
9603 2
9604 2
9605 2
9606 0
9607 0
9608 0
9609 0
9610 0
9611 0
9612 0
9613 0
9614 0
9615 0
9616 0
9617 0
9618 0
9619 0
9620 0
9621 0
9622 0
9623 0
9624 0
9625 0
9626 0
9627 0
9628 0
9629 0
9630 0
9631 0
9632 0
9633 0
9634 0
9635 0
9636 0
9637 0
9638 0
9639 0
9640 0
9641 0
9642 0
9643 0
9644 0
9645 0
9646 0
9647 0
9648 0
9649 0
9650 0
9651 0
9652 0
9653 0
9654 0
9655 0
9656 0
9657 0
9658 0
9659 0
9660 0
9661 0
9662 0
9663 0
9664 0
9665 0
9666 0
9667 0
9668 0
9669 0
9670 0
9671 0
9672 0
9673 0
9674 0
9675 0
9676 0
9677 0
9678 0
9679 0
9680 0
9681 0
9682 0
9683 0
9684 2
9685 2
9686 2
9687 2
9688 2
9689 2
9690 2
9691 2
9692 2
9693 2
9694 2
9695 2
9696 2
9697 2
9698 2
9699 2
9700 2
9701 2
9702 2
9703 2
9704 2
9705 2
9706 0
9707 0
9708 0
9709 0
9710 0
9711 0
9712 0
9713 0
9714 0
9715 0
9716 0
9717 0
9718 0
9719 0
9720 0
9721 0
9722 0
9723 0
9724 0
9725 0
9726 0
9727 0
9728 0
9729 0
9730 0
9731 0
9732 0
9733 0
9734 0
9735 0
9736 0
9737 0
9738 0
9739 0
9740 0
9741 0
9742 0
9743 0
9744 0
9745 0
9746 0
9747 0
9748 0
9749 0
9750 0
9751 0
9752 0
9753 0
9754 0
9755 0
9756 0
9757 0
9758 0
9759 0
9760 0
9761 0
9762 0
9763 0
9764 0
9765 0
9766 0
9767 0
9768 0
9769 0
9770 0
9771 0
9772 0
9773 0
9774 0
9775 0
9776 0
9777 0
9778 0
9779 0
9780 0
9781 0
9782 0
9783 0
9784 2
9785 2
9786 2
9787 2
9788 2
9789 2
9790 2
9791 2
9792 2
9793 2
9794 2
9795 2
9796 2
9797 2
9798 2
9799 2
9800 2
9801 2
9802 2
9803 2
9804 2
9805 2
9806 0
9807 0
9808 0
9809 0
9810 0
9811 0
9812 0
9813 0
9814 0
9815 0
9816 0
9817 0
9818 0
9819 0
9820 0
9821 0
9822 0
9823 0
9824 0
9825 0
9826 0
9827 0
9828 0
9829 0
9830 0
9831 0
9832 0
9833 0
9834 0
9835 0
9836 0
9837 0
9838 0
9839 0
9840 0
9841 0
9842 0
9843 0
9844 0
9845 0
9846 0
9847 0
9848 0
9849 0
9850 0
9851 0
9852 0
9853 0
9854 0
9855 0
9856 0
9857 0
9858 0
9859 0
9860 0
9861 0
9862 0
9863 0
9864 0
9865 0
9866 0
9867 0
9868 0
9869 0
9870 0
9871 0
9872 0
9873 0
9874 0
9875 0
9876 0
9877 0
9878 0
9879 0
9880 0
9881 0
9882 0
9883 0
9884 2
9885 2
9886 2
9887 2
9888 2
9889 2
9890 2
9891 2
9892 2
9893 2
9894 2
9895 2
9896 2
9897 2
9898 2
9899 2
9900 2
9901 2
9902 2
9903 2
9904 2
9905 2
9906 0
9907 0
9908 0
9909 0
9910 0
9911 0
9912 0
9913 0
9914 0
9915 0
9916 0
9917 0
9918 0
9919 0
9920 0
9921 0
9922 0
9923 0
9924 0
9925 0
9926 0
9927 0
9928 0
9929 0
9930 0
9931 0
9932 0
9933 0
9934 0
9935 0
9936 0
9937 0
9938 0
9939 0
9940 0
9941 0
9942 0
9943 0
9944 0
9945 0
9946 0
9947 0
9948 0
9949 0
9950 0
9951 0
9952 0
9953 0
9954 0
9955 0
9956 0
9957 0
9958 0
9959 0
9960 0
9961 0
9962 0
9963 0
9964 0
9965 0
9966 0
9967 0
9968 0
9969 0
9970 0
9971 0
9972 0
9973 0
9974 0
9975 0
9976 0
9977 0
9978 0
9979 0
9980 0
9981 0
9982 0
9983 0
9984 2
9985 2
9986 2
9987 2
9988 2
9989 2
9990 2
9991 2
9992 2
9993 2
9994 2
9995 2
9996 2
9997 2
9998 2
9999 2
10000 2
10001 2
10002 2
10003 2
10004 2
10005 2
10006 0
10007 0
10008 0
10009 0
10010 0
10011 0
10012 0
10013 0
10014 0
10015 0
10016 0
10017 0
10018 0
10019 0
10020 0
10021 0
10022 0
10023 0
10024 0
10025 0
10026 0
10027 0
10028 0
10029 0
10030 0
10031 0
10032 0
10033 0
10034 0
10035 0
10036 0
10037 0
10038 0
10039 0
10040 0
10041 0
10042 0
10043 0
10044 0
10045 0
10046 0
10047 0
10048 0
10049 0
10050 0
10051 0
10052 0
10053 0
10054 0
10055 0
10056 0
10057 0
10058 0
10059 0
10060 0
10061 0
10062 0
10063 0
10064 0
10065 0
10066 0
10067 0
10068 0
10069 0
10070 0
10071 0
10072 0
10073 0
10074 0
10075 0
10076 0
10077 0
10078 0
10079 0
10080 0
10081 0
10082 0
10083 0
10084 2
10085 2
10086 2
10087 2
10088 2
10089 2
10090 2
10091 2
10092 2
10093 2
10094 2
10095 2
10096 2
10097 2
10098 2
10099 2
10100 2
10101 2
10102 2
10103 2
10104 2
10105 2
10106 0
10107 0
10108 0
10109 0
10110 0
10111 0
10112 0
10113 0
10114 0
10115 0
10116 0
10117 0
10118 0
10119 0
10120 0
10121 0
10122 0
10123 0
10124 0
10125 0
10126 0
10127 0
10128 0
10129 0
10130 0
10131 0
10132 0
10133 0
10134 0
10135 0
10136 0
10137 0
10138 0
10139 0
10140 0
10141 0
10142 0
10143 0
10144 0
10145 0
10146 0
10147 0
10148 0
10149 0
10150 0
10151 0
10152 0
10153 0
10154 0
10155 0
10156 0
10157 0
10158 0
10159 0
10160 0
10161 0
10162 0
10163 0
10164 0
10165 0
10166 0
10167 0
10168 0
10169 0
10170 0
10171 0
10172 0
10173 0
10174 0
10175 0
10176 0
10177 0
10178 0
10179 0
10180 0
10181 0
10182 0
10183 2
10184 2
10185 2
10186 2
10187 2
10188 2
10189 2
10190 2
10191 2
10192 2
10193 2
10194 2
10195 2
10196 2
10197 2
10198 2
10199 2
10200 2
10201 2
10202 2
10203 2
10204 2
10205 2
10206 0
10207 0
10208 0
10209 0
10210 0
10211 0
10212 0
10213 0
10214 0
10215 0
10216 0
10217 0
10218 0
10219 0
10220 0
10221 0
10222 0
10223 0
10224 0
10225 0
10226 0
10227 0
10228 0
10229 0
10230 0
10231 0
10232 0
10233 0
10234 0
10235 0
10236 0
10237 0
10238 0
10239 0
10240 0
10241 0
10242 0
10243 0
10244 0
10245 0
10246 0
10247 0
10248 0
10249 0
10250 0
10251 0
10252 0
10253 0
10254 0
10255 0
10256 0
10257 0
10258 0
10259 0
10260 0
10261 0
10262 0
10263 0
10264 0
10265 0
10266 0
10267 0
10268 0
10269 0
10270 0
10271 0
10272 0
10273 0
10274 0
10275 0
10276 0
10277 0
10278 0
10279 0
10280 0
10281 0
10282 0
10283 2
10284 2
10285 2
10286 2
10287 2
10288 2
10289 2
10290 2
10291 2
10292 2
10293 2
10294 2
10295 2
10296 2
10297 2
10298 2
10299 2
10300 2
10301 2
10302 2
10303 2
10304 2
10305 0
10306 0
10307 0
10308 0
10309 0
10310 0
10311 0
10312 0
10313 0
10314 0
10315 0
10316 0
10317 0
10318 0
10319 0
10320 0
10321 0
10322 0
10323 0
10324 0
10325 0
10326 0
10327 0
10328 0
10329 0
10330 0
10331 0
10332 0
10333 0
10334 0
10335 0
10336 0
10337 0
10338 0
10339 0
10340 0
10341 0
10342 0
10343 0
10344 0
10345 0
10346 0
10347 0
10348 0
10349 0
10350 0
10351 0
10352 0
10353 0
10354 0
10355 0
10356 0
10357 0
10358 0
10359 0
10360 0
10361 0
10362 0
10363 0
10364 0
10365 0
10366 0
10367 0
10368 0
10369 0
10370 0
10371 0
10372 0
10373 0
10374 0
10375 0
10376 0
10377 0
10378 0
10379 0
10380 0
10381 0
10382 2
10383 2
10384 2
10385 2
10386 2
10387 2
10388 2
10389 2
10390 2
10391 2
10392 2
10393 2
10394 2
10395 2
10396 2
10397 2
10398 2
10399 2
10400 2
10401 2
10402 2
10403 0
10404 0
10405 0
10406 0
10407 0
10408 0
10409 0
10410 0
10411 0
10412 0
10413 0
10414 0
10415 0
10416 0
10417 0
10418 0
10419 0
10420 0
10421 0
10422 0
10423 0
10424 0
10425 0
10426 0
10427 0
10428 0
10429 0
10430 0
10431 0
10432 0
10433 0
10434 0
10435 0
10436 0
10437 0
10438 0
10439 0
10440 0
10441 0
10442 0
10443 0
10444 0
10445 0
10446 0
10447 0
10448 0
10449 0
10450 0
10451 0
10452 0
10453 0
10454 0
10455 0
10456 0
10457 0
10458 0
10459 0
10460 0
10461 0
10462 0
10463 0
10464 0
10465 0
10466 0
10467 0
10468 0
10469 0
10470 0
10471 0
10472 0
10473 0
10474 0
10475 0
10476 0
10477 0
10478 2
10479 2
10480 2
10481 2
10482 2
10483 2
10484 2
10485 2
10486 2
10487 2
10488 2
10489 2
10490 2
10491 2
10492 2
10493 2
10494 2
10495 2
10496 2
10497 0
10498 0
10499 0
10500 0
10501 0
10502 0
10503 0
10504 0
10505 0
10506 0
10507 0
10508 0
10509 0
10510 0
10511 0
10512 0
10513 0
10514 0
10515 0
10516 0
10517 0
10518 0
10519 0
10520 0
10521 0
10522 0
10523 0
10524 0
10525 0
10526 0
10527 0
10528 0
10529 0
10530 0
10531 0
10532 0
10533 0
10534 0
10535 0
10536 0
10537 0
10538 0
10539 0
10540 0
10541 0
10542 0
10543 0
10544 0
10545 0
10546 0
10547 0
10548 0
10549 0
10550 0
10551 0
10552 0
10553 0
10554 0
10555 0
10556 0
10557 0
10558 0
10559 0
10560 0
10561 0
10562 0
10563 0
10564 0
10565 0
10566 0
10567 0
10568 0
10569 0
10570 0
10571 2
10572 2
10573 2
10574 2
10575 2
10576 2
10577 2
10578 2
10579 2
10580 2
10581 2
10582 2
10583 2
10584 2
10585 2
10586 2
10587 2
10588 2
10589 2
10590 2
10591 0
10592 0
10593 0
10594 0
10595 0
10596 0
10597 0
10598 0
10599 0
10600 0
10601 0
10602 0
10603 0
10604 0
10605 0
10606 0
10607 0
10608 0
10609 0
10610 0
10611 0
10612 0
10613 0
10614 0
10615 0
10616 0
10617 0
10618 0
10619 0
10620 0
10621 0
10622 0
10623 0
10624 0
10625 0
10626 0
10627 0
10628 0
10629 0
10630 0
10631 0
10632 0
10633 0
10634 0
10635 0
10636 0
10637 0
10638 0
10639 0
10640 0
10641 0
10642 0
10643 0
10644 0
10645 0
10646 0
10647 0
10648 0
10649 0
10650 0
10651 0
10652 0
10653 0
10654 0
10655 0
10656 0
10657 0
10658 0
10659 0
10660 0
10661 0
10662 0
10663 0
10664 0
10665 2
10666 2
10667 2
10668 2
10669 2
10670 2
10671 2
10672 2
10673 2
10674 2
10675 2
10676 2
10677 2
10678 2
10679 2
10680 2
10681 2
10682 2
10683 0
10684 0
10685 0
10686 0
10687 0
10688 0
10689 0
10690 0
10691 0
10692 0
10693 0
10694 0
10695 0
10696 0
10697 0
10698 0
10699 0
10700 0
10701 0
10702 0
10703 0
10704 0
10705 0
10706 0
10707 0
10708 0
10709 0
10710 0
10711 0
10712 0
10713 0
10714 0
10715 0
10716 0
10717 0
10718 0
10719 0
10720 0
10721 0
10722 0
10723 0
10724 0
10725 0
10726 0
10727 0
10728 0
10729 0
10730 0
10731 0
10732 0
10733 0
10734 0
10735 0
10736 0
10737 0
10738 0
10739 0
10740 0
10741 0
10742 0
10743 0
10744 0
10745 0
10746 0
10747 0
10748 0
10749 0
10750 0
10751 0
10752 0
10753 0
10754 0
10755 0
10756 2
10757 2
10758 2
10759 2
10760 2
10761 2
10762 2
10763 2
10764 2
10765 2
10766 2
10767 2
10768 2
10769 2
10770 2
10771 2
10772 2
10773 2
10774 2
10775 2
10776 0
10777 0
10778 0
10779 0
10780 0
10781 0
10782 0
10783 0
10784 0
10785 0
10786 0
10787 0
10788 0
10789 0
10790 0
10791 0
10792 0
10793 0
10794 0
10795 0
10796 0
10797 0
10798 0
10799 0
10800 0
10801 0
10802 0
10803 0
10804 0
10805 0
10806 0
10807 0
10808 0
10809 0
10810 0
10811 0
10812 0
10813 0
10814 0
10815 0
10816 0
10817 0
10818 0
10819 0
10820 0
10821 0
10822 0
10823 0
10824 0
10825 0
10826 0
10827 0
10828 0
10829 0
10830 0
10831 0
10832 0
10833 0
10834 0
10835 0
10836 0
10837 0
10838 0
10839 0
10840 0
10841 0
10842 0
10843 0
10844 0
10845 0
10846 0
10847 0
10848 0
10849 2
10850 2
10851 2
10852 2
10853 2
10854 2
10855 2
10856 2
10857 2
10858 2
10859 2
10860 2
10861 2
10862 2
10863 2
10864 2
10865 2
10866 2
10867 2
10868 0
10869 0
10870 0
10871 0
10872 0
10873 0
10874 0
10875 0
10876 0
10877 0
10878 0
10879 0
10880 0
10881 0
10882 0
10883 0
10884 0
10885 0
10886 0
10887 0
10888 0
10889 0
10890 0
10891 0
10892 0
10893 0
10894 0
10895 0
10896 0
10897 0
10898 0
10899 0
10900 0
10901 0
10902 0
10903 0
10904 0
10905 0
10906 0
10907 0
10908 0
10909 0
10910 0
10911 0
10912 0
10913 0
10914 0
10915 0
10916 0
10917 0
10918 0
10919 0
10920 0
10921 0
10922 0
10923 0
10924 0
10925 0
10926 0
10927 0
10928 0
10929 0
10930 0
10931 0
10932 0
10933 0
10934 0
10935 0
10936 0
10937 0
10938 0
10939 0
10940 0
10941 2
10942 2
10943 2
10944 2
10945 2
10946 2
10947 2
10948 2
10949 2
10950 2
10951 2
10952 2
10953 2
10954 2
10955 2
10956 2
10957 2
10958 2
10959 2
10960 2
10961 0
10962 0
10963 0
10964 0
10965 0
10966 0
10967 0
10968 0
10969 0
10970 0
10971 0
10972 0
10973 0
10974 0
10975 0
10976 0
10977 0
10978 0
10979 0
10980 0
10981 0
10982 0
10983 0
10984 0
10985 0
10986 0
10987 0
10988 0
10989 0
10990 0
10991 0
10992 0
10993 0
10994 0
10995 0
10996 0
10997 0
10998 0
10999 0
11000 0
11001 0
11002 0
11003 0
11004 0
11005 0
11006 0
11007 0
11008 0
11009 0
11010 0
11011 0
11012 0
11013 0
11014 0
11015 0
11016 0
11017 0
11018 0
11019 0
11020 0
11021 0
11022 0
11023 0
11024 0
11025 0
11026 0
11027 0
11028 0
11029 0
11030 0
11031 0
11032 0
11033 2
11034 2
11035 2
11036 2
11037 2
11038 2
11039 2
11040 2
11041 2
11042 2
11043 2
11044 2
11045 2
11046 2
11047 2
11048 2
11049 2
11050 2
11051 2
11052 2
11053 0
11054 0
11055 0
11056 0
11057 0
11058 0
11059 0
11060 0
11061 0
11062 0
11063 0
11064 0
11065 0
11066 0
11067 0
11068 0
11069 0
11070 0
11071 0
11072 0
11073 0
11074 0
11075 0
11076 0
11077 0
11078 0
11079 0
11080 0
11081 0
11082 0
11083 0
11084 0
11085 0
11086 0
11087 0
11088 0
11089 0
11090 0
11091 0
11092 0
11093 0
11094 0
11095 0
11096 0
11097 0
11098 0
11099 0
11100 0
11101 0
11102 0
11103 0
11104 0
11105 0
11106 0
11107 0
11108 0
11109 0
11110 0
11111 0
11112 0
11113 0
11114 0
11115 0
11116 0
11117 0
11118 0
11119 0
11120 0
11121 0
11122 0
11123 0
11124 0
11125 2
11126 2
11127 2
11128 2
11129 2
11130 2
11131 2
11132 2
11133 2
11134 2
11135 2
11136 2
11137 2
11138 2
11139 2
11140 2
11141 2
11142 2
11143 1
