0 1
1 1
2 0
3 3
4 3
5 2
6 1
7 1
8 1
9 1
10 1
11 1
12 1
13 1
14 1
15 1
16 1
17 1
18 1
19 1
20 1
21 1
22 1
23 1
24 1
25 1
26 1
27 1
28 1
29 1
30 1
31 1
32 1
33 1
34 1
35 1
36 1
37 1
38 1
39 1
40 1
41 1
42 1
43 1
44 1
45 1
46 1
47 1
48 1
49 1
50 1
51 1
52 1
53 1
54 0
55 0
56 0
57 0
58 0
59 0
60 0
61 0
62 0
63 0
64 0
65 0
66 0
67 0
68 0
69 0
70 0
71 0
72 0
73 0
74 0
75 0
76 0
77 0
78 0
79 0
80 0
81 0
82 0
83 0
84 0
85 0
86 0
87 5
88 5
89 5
90 5
91 5
92 5
93 5
94 5
95 5
96 5
97 5
98 5
99 5
100 5
101 5
102 5
103 5
104 5
105 5
106 5
107 5
108 5
109 5
110 5
111 5
112 5
113 5
114 5
115 5
116 5
117 5
118 5
119 5
120 5
121 5
122 5
123 5
124 5
125 5
126 5
127 3
128 3
129 3
130 3
131 3
132 3
133 3
134 3
135 3
136 3
137 3
138 3
139 3
140 3
141 3
142 3
143 3
144 3
145 3
146 3
147 3
148 3
149 3
150 3
151 3
152 3
153 3
154 3
155 3
156 3
157 3
158 3
159 3
160 3
161 3
162 3
163 3
164 3
165 3
166 3
167 3
168 3
169 3
170 3
171 3
172 3
173 3
174 3
175 3
176 3
177 3
178 3
179 3
180 3
181 3
182 3
183 3
184 3
185 3
186 3
187 3
188 3
189 3
190 3
191 3
192 3
193 3
194 3
195 3
196 3
197 3
198 3
199 3
200 3
201 3
202 3
203 3
204 3
205 3
206 3
207 3
208 3
209 3
210 3
211 3
212 3
213 3
214 3
215 3
216 3
217 3
218 3
219 3
220 3
221 3
222 3
223 3
224 3
225 3
226 3
227 3
228 3
229 3
230 3
231 3
232 3
233 3
234 3
235 3
236 3
237 3
238 3
239 3
240 3
241 3
242 3
243 3
244 3
245 3
246 3
247 3
248 3
249 3
250 3
251 3
252 4
253 4
254 4
255 4
256 4
257 4
258 4
259 4
260 4
261 4
262 4
263 4
264 4
265 4
266 4
267 4
268 4
269 4
270 4
271 4
272 4
273 4
274 4
275 4
276 4
277 4
278 4
279 4
280 4
281 4
282 4
283 4
284 4
285 4
286 4
287 4
288 4
289 4
290 4
291 2
292 2
293 2
294 2
295 2
296 2
297 2
298 2
299 2
300 2
301 2
302 2
303 2
304 2
305 2
306 2
307 2
308 2
309 2
310 2
311 2
312 2
313 2
314 2
315 2
316 2
317 2
318 2
319 2
320 2
321 2
322 2
323 2
324 2
325 2
326 2
327 2
328 2
329 2
330 2
331 2
332 2
333 2
334 2
335 2
336 2
337 2
338 2
339 2
340 2
341 2
342 2
343 2
344 2
345 2
346 2
347 2
348 2
349 2
350 2
351 2
352 2
353 2
354 2
355 2
356 2
357 2
358 2
359 2
360 2
361 2
362 2
363 2
364 2
365 2
366 2
367 2
368 2
369 1
370 1
371 1
372 1
373 1
374 1
375 1
376 1
377 1
378 1
379 1
380 1
381 1
382 1
383 1
384 1
385 1
386 1
387 1
388 1
389 1
390 1
391 1
392 1
393 1
394 1
395 1
396 1
397 1
398 1
399 1
400 1
401 1
402 1
403 1
404 1
405 1
406 1
407 1
408 0
409 0
410 1
411 1
412 1
413 1
414 1
415 1
416 1
417 1
418 1
419 1
420 1
421 1
422 1
423 1
424 1
425 1
426 1
427 1
428 0
429 0
430 0
431 4
432 4
433 4
434 4
435 4
436 4
437 4
438 4
439 4
440 4
441 4
442 4
443 4
444 4
445 4
446 4
447 4
448 4
449 4
450 4
451 4
452 4
453 4
454 4
455 4
456 4
457 4
458 4
459 4
460 4
461 4
462 4
463 4
464 4
465 2
466 2
467 2
468 2
469 2
470 2
471 2
472 2
473 2
474 2
475 2
476 2
477 2
478 2
479 2
480 2
481 2
482 2
483 2
484 2
485 2
486 2
487 2
488 2
489 2
490 2
491 2
492 2
493 2
494 2
495 2
496 2
497 2
498 2
499 2
500 2
501 2
502 2
503 2
504 2
505 2
506 2
507 2
508 2
509 2
510 2
511 2
512 2
513 2
514 2
515 2
516 2
517 2
518 2
519 2
520 2
521 2
522 2
523 2
524 2
525 2
526 2
527 2
528 2
529 2
530 2
531 2
532 2
533 2
534 2
535 2
536 2
537 2
538 2
539 2
540 2
541 1
542 1
543 1
544 1
545 1
546 1
547 1
548 1
549 1
550 1
551 1
552 1
553 1
554 1
555 1
556 1
557 1
558 1
559 1
560 1
561 1
562 1
563 1
564 1
565 1
566 1
567 1
568 1
569 1
570 1
571 1
572 1
573 1
574 1
575 1
576 1
577 1
578 1
579 1
580 1
581 1
582 1
583 1
584 1
585 1
586 1
587 1
588 1
589 1
590 1
591 1
592 1
593 1
594 1
595 1
596 1
597 1
598 1
599 1
600 1
601 1
602 1
603 1
604 1
605 1
606 1
607 1
608 1
609 1
610 1
611 1
612 1
613 1
614 1
615 1
616 1
617 1
618 1
619 1
620 1
621 1
622 1
623 1
624 1
625 1
626 1
627 1
628 1
629 1
630 1
631 1
632 1
633 1
634 1
635 1
636 1
637 1
638 1
639 1
640 1
641 1
642 1
643 1
644 1
645 1
646 1
647 1
648 1
649 1
650 1
651 3
652 3
653 3
654 3
655 3
656 3
657 3
658 3
659 3
660 3
661 3
662 3
663 3
664 3
665 3
666 3
667 3
668 3
669 3
670 3
671 3
672 3
673 3
674 3
675 3
676 3
677 3
678 3
679 3
680 3
681 3
682 3
683 3
684 3
685 3
686 3
687 3
688 3
689 3
690 3
691 3
692 3
693 3
694 3
695 3
696 3
697 3
698 3
699 3
700 3
701 3
702 3
703 3
704 3
705 3
706 3
707 3
708 3
709 3
710 3
711 3
712 3
713 3
714 3
715 3
716 3
717 3
718 3
719 3
720 3
721 3
722 3
723 3
724 3
725 3
726 3
727 3
728 3
729 3
730 3
731 3
732 3
733 3
734 3
735 3
736 3
737 3
738 4
739 4
740 4
741 4
742 4
743 4
744 4
745 4
746 4
747 4
748 4
749 4
750 4
751 4
752 4
753 4
754 4
755 4
756 4
757 4
758 4
759 4
760 4
761 4
762 4
763 4
764 4
765 4
766 4
767 4
768 4
769 4
770 4
771 4
772 4
773 4
774 4
775 4
776 4
777 2
778 2
779 2
780 2
781 2
782 2
783 2
784 2
785 2
786 2
787 2
788 2
789 2
790 2
791 2
792 2
793 2
794 2
795 2
796 2
797 2
798 2
799 2
800 2
801 2
802 2
803 2
804 2
805 2
806 2
807 2
808 2
809 2
810 2
811 2
812 2
813 2
814 2
815 2
816 2
817 2
818 2
819 2
820 2
821 2
822 2
823 2
824 2
825 2
826 2
827 2
828 2
829 2
830 2
831 2
832 2
833 2
834 2
835 2
836 2
837 2
838 2
839 2
840 2
841 2
842 2
843 2
844 2
845 2
846 2
847 2
848 2
849 2
850 2
851 2
852 2
853 2
854 1
855 1
856 1
857 1
858 1
859 1
860 1
861 1
862 1
863 1
864 1
865 1
866 1
867 1
868 1
869 1
870 1
871 1
872 1
873 1
874 1
875 1
876 1
877 1
878 1
879 1
880 1
881 1
882 1
883 1
884 1
885 1
886 1
887 1
888 1
889 1
890 1
891 1
892 1
893 1
894 1
895 1
896 1
897 1
898 1
899 1
900 1
901 1
902 1
903 1
904 1
905 1
906 1
907 1
908 1
909 1
910 1
911 1
912 1
913 1
914 1
915 1
916 1
917 1
918 1
919 1
920 1
921 1
922 1
923 3
924 3
925 3
926 3
927 3
928 3
929 3
930 3
931 3
932 3
933 3
934 3
935 3
936 3
937 3
938 3
939 3
940 3
941 3
942 3
943 3
944 3
945 3
946 3
947 3
948 3
949 3
950 3
951 3
952 3
953 3
954 3
955 3
956 3
957 3
958 3
959 3
960 3
961 3
962 3
963 3
964 3
965 3
966 3
967 3
968 3
969 3
970 3
971 3
972 3
973 3
974 3
975 3
976 3
977 3
978 3
979 3
980 3
981 3
982 3
983 3
984 3
985 3
986 3
987 3
988 3
989 3
990 3
991 3
992 3
993 3
994 3
995 3
996 3
997 3
998 3
999 3
1000 3
1001 3
1002 3
1003 3
1004 3
1005 3
1006 3
1007 3
1008 3
1009 3
1010 3
1011 3
1012 3
1013 3
1014 3
1015 3
1016 3
1017 3
1018 3
1019 4
1020 4
1021 4
1022 4
1023 4
1024 4
1025 4
1026 4
1027 4
1028 4
1029 4
1030 4
1031 4
1032 4
1033 4
1034 4
1035 4
1036 4
1037 4
1038 4
1039 4
1040 4
1041 4
1042 4
1043 4
1044 4
1045 4
1046 4
1047 4
1048 4
1049 4
1050 4
1051 4
1052 4
1053 4
1054 4
1055 4
1056 4
1057 4
1058 4
1059 2
1060 2
1061 2
1062 2
1063 2
1064 2
1065 2
1066 2
1067 2
1068 2
1069 2
1070 2
1071 2
1072 2
1073 2
1074 2
1075 2
1076 2
1077 2
1078 2
1079 2
1080 2
1081 2
1082 2
1083 2
1084 2
1085 2
1086 2
1087 2
1088 2
1089 2
1090 2
1091 2
1092 2
1093 2
1094 2
1095 2
1096 2
1097 2
1098 2
1099 2
1100 2
1101 2
1102 2
1103 2
1104 2
1105 2
1106 2
1107 2
1108 2
1109 2
1110 2
1111 2
1112 2
1113 2
1114 2
1115 2
1116 2
1117 2
1118 2
1119 2
1120 2
1121 2
1122 2
1123 2
1124 2
1125 2
1126 2
1127 2
1128 2
1129 2
1130 2
1131 2
1132 2
1133 1
1134 1
1135 1
1136 1
1137 1
1138 1
1139 1
1140 1
1141 1
1142 1
1143 1
1144 1
1145 1
1146 1
1147 1
1148 1
1149 1
1150 1
1151 1
1152 1
1153 1
1154 1
1155 1
1156 1
1157 1
1158 1
1159 1
1160 0
1161 0
1162 5
1163 5
1164 1
1165 1
1166 1
1167 1
1168 1
1169 1
1170 1
1171 1
1172 1
1173 1
1174 5
1175 5
1176 5
1177 5
1178 5
1179 5
1180 5
1181 5
1182 5
1183 5
1184 5
1185 5
1186 5
1187 5
1188 5
1189 5
1190 5
1191 5
1192 5
1193 5
1194 5
1195 5
1196 5
1197 5
1198 5
1199 5
1200 5
1201 5
1202 5
1203 5
1204 5
1205 5
1206 5
1207 5
1208 5
1209 5
1210 5
1211 5
1212 5
1213 5
1214 5
1215 5
1216 5
1217 5
1218 5
1219 5
1220 5
1221 5
1222 5
1223 3
1224 3
1225 3
1226 3
1227 3
1228 3
1229 3
1230 3
1231 3
1232 3
1233 3
1234 3
1235 3
1236 3
1237 3
1238 3
1239 3
1240 3
1241 3
1242 3
1243 3
1244 3
1245 3
1246 3
1247 3
1248 3
1249 3
1250 3
1251 3
1252 3
1253 3
1254 3
1255 3
1256 3
1257 3
1258 3
1259 3
1260 3
1261 3
1262 3
1263 3
1264 3
1265 3
1266 3
1267 3
1268 3
1269 3
1270 3
1271 3
1272 3
1273 3
1274 3
1275 3
1276 3
1277 3
1278 3
1279 3
1280 3
1281 3
1282 3
1283 3
1284 3
1285 3
1286 3
1287 3
1288 3
1289 3
1290 3
1291 3
1292 3
1293 3
1294 3
1295 3
1296 3
1297 3
1298 3
1299 3
1300 3
1301 3
1302 3
1303 3
1304 3
1305 3
1306 3
1307 3
1308 3
1309 3
1310 3
1311 3
1312 3
1313 3
1314 3
1315 3
1316 3
1317 3
1318 3
1319 3
1320 3
1321 3
1322 3
1323 3
1324 3
1325 3
1326 3
1327 3
1328 3
1329 3
1330 3
1331 3
1332 3
1333 3
1334 3
1335 3
1336 3
1337 3
1338 3
1339 3
1340 3
1341 3
1342 3
1343 4
1344 4
1345 4
1346 4
1347 4
1348 4
1349 4
1350 4
1351 4
1352 4
1353 4
1354 4
1355 4
1356 4
1357 4
1358 4
1359 4
1360 4
1361 4
1362 4
1363 4
1364 4
1365 4
1366 4
1367 4
1368 4
1369 4
1370 4
1371 4
1372 4
1373 4
1374 4
1375 4
1376 4
1377 4
1378 4
1379 4
1380 4
1381 4
1382 2
1383 2
1384 2
1385 2
1386 2
1387 2
1388 2
1389 2
1390 2
1391 2
1392 2
1393 2
1394 2
1395 2
1396 2
1397 2
1398 2
1399 2
1400 2
1401 2
1402 2
1403 2
1404 2
1405 2
1406 2
1407 2
1408 2
1409 2
1410 2
1411 2
1412 2
1413 2
1414 2
1415 2
1416 2
1417 2
1418 2
1419 2
1420 2
1421 2
1422 2
1423 2
1424 2
1425 2
1426 2
1427 2
1428 2
1429 2
1430 2
1431 2
1432 2
1433 2
1434 2
1435 2
1436 2
1437 2
1438 2
1439 2
1440 2
1441 2
1442 2
1443 2
1444 2
1445 2
1446 2
1447 2
1448 2
1449 2
1450 2
1451 2
1452 2
1453 1
1454 2
1455 1
1456 1
1457 5
1458 5
1459 5
1460 5
1461 2
1462 2
1463 2
1464 2
1465 2
1466 2
1467 2
1468 2
1469 2
1470 1
1471 1
1472 1
1473 1
1474 0
1475 0
1476 0
1477 0
1478 0
1479 0
1480 0
1481 0
1482 0
1483 0
1484 0
1485 0
1486 0
1487 0
1488 0
1489 0
1490 1
1491 1
1492 1
1493 1
1494 1
1495 1
1496 1
1497 1
1498 1
1499 1
1500 5
1501 5
1502 0
1503 0
1504 0
1505 0
1506 1
1507 1
1508 1
1509 1
1510 1
1511 1
1512 1
1513 1
1514 1
1515 1
1516 1
1517 1
1518 1
1519 1
1520 1
1521 1
1522 1
1523 1
1524 1
1525 1
1526 1
1527 1
1528 1
1529 1
1530 1
1531 1
1532 1
1533 1
1534 1
1535 1
1536 1
1537 1
1538 1
1539 1
1540 1
1541 1
1542 1
1543 1
1544 1
1545 1
1546 5
1547 5
1548 5
1549 5
1550 5
1551 5
1552 5
1553 5
1554 5
1555 5
1556 5
1557 5
1558 5
1559 5
1560 5
1561 5
1562 1
1563 1
1564 1
1565 1
1566 1
1567 1
1568 1
1569 1
1570 1
1571 1
1572 1
1573 1
1574 1
1575 1
1576 1
1577 1
1578 1
1579 1
1580 1
1581 1
1582 1
1583 1
1584 1
1585 1
1586 1
1587 1
1588 1
1589 1
1590 1
1591 1
1592 1
1593 1
1594 1
1595 1
1596 1
1597 1
1598 1
1599 1
1600 1
1601 1
1602 1
1603 0
1604 0
1605 0
1606 0
1607 0
1608 0
1609 0
1610 0
1611 0
1612 0
1613 0
1614 0
1615 0
1616 0
1617 0
1618 0
1619 0
1620 0
1621 0
1622 0
1623 0
1624 0
1625 0
1626 0
1627 0
1628 0
1629 0
1630 0
1631 0
1632 0
1633 0
1634 0
1635 0
1636 0
1637 0
1638 0
1639 0
1640 0
1641 0
1642 5
1643 5
1644 5
1645 5
1646 5
1647 5
1648 5
1649 5
1650 5
1651 5
1652 5
1653 5
1654 5
1655 5
1656 5
1657 5
1658 5
1659 5
1660 5
1661 5
1662 5
1663 5
1664 5
1665 5
1666 5
1667 5
1668 5
1669 5
1670 5
1671 5
1672 5
1673 5
1674 5
1675 5
1676 5
1677 5
1678 5
1679 5
1680 5
1681 5
1682 5
1683 5
1684 5
1685 5
1686 5
1687 5
1688 5
1689 5
1690 5
1691 5
1692 5
1693 5
1694 5
1695 5
1696 5
1697 5
1698 5
1699 5
1700 5
1701 5
1702 5
1703 5
1704 5
1705 5
1706 5
1707 5
1708 5
1709 5
1710 5
1711 5
1712 5
1713 5
1714 5
1715 5
1716 5
1717 5
1718 5
1719 5
1720 3
1721 3
1722 3
1723 3
1724 3
1725 3
1726 3
1727 3
1728 3
1729 3
1730 3
1731 3
1732 3
1733 3
1734 3
1735 3
1736 3
1737 3
1738 3
1739 3
1740 3
1741 3
1742 3
1743 3
1744 3
1745 3
1746 3
1747 3
1748 3
1749 3
1750 3
1751 3
1752 3
1753 3
1754 3
1755 3
1756 3
1757 3
1758 3
1759 3
1760 3
1761 3
1762 3
1763 3
1764 3
1765 3
1766 3
1767 3
1768 3
1769 3
1770 3
1771 3
1772 3
1773 3
1774 3
1775 3
1776 3
1777 3
1778 3
1779 3
1780 3
1781 3
1782 3
1783 3
1784 3
1785 3
1786 3
1787 3
1788 3
1789 3
1790 3
1791 3
1792 3
1793 3
1794 3
1795 3
1796 3
1797 3
1798 3
1799 3
1800 3
1801 3
1802 3
1803 3
1804 3
1805 3
1806 3
1807 3
1808 3
1809 3
1810 3
1811 3
1812 3
1813 3
1814 3
1815 3
1816 3
1817 3
1818 3
1819 3
1820 3
1821 3
1822 3
1823 3
1824 3
1825 3
1826 3
1827 3
1828 3
1829 3
1830 3
1831 3
1832 3
1833 4
1834 4
1835 4
1836 4
1837 4
1838 4
1839 4
1840 4
1841 4
1842 4
1843 4
1844 4
1845 4
1846 4
1847 4
1848 4
1849 4
1850 4
1851 4
1852 4
1853 4
1854 4
1855 4
1856 4
1857 4
1858 4
1859 4
1860 4
1861 4
1862 4
1863 4
1864 4
1865 4
1866 4
1867 4
1868 4
1869 4
1870 4
1871 4
1872 4
1873 2
1874 2
1875 2
1876 2
1877 2
1878 2
1879 2
1880 2
1881 2
1882 2
1883 2
1884 2
1885 2
1886 2
1887 2
1888 2
1889 2
1890 2
1891 2
1892 2
1893 2
1894 2
1895 2
1896 2
1897 2
1898 2
1899 2
1900 2
1901 2
1902 2
1903 2
1904 2
1905 2
1906 2
1907 2
1908 2
1909 2
1910 2
1911 2
1912 2
1913 2
1914 2
1915 2
1916 2
1917 2
1918 2
1919 2
1920 2
1921 2
1922 2
1923 2
1924 2
1925 2
1926 2
1927 2
1928 2
1929 2
1930 2
1931 2
1932 2
1933 2
1934 2
1935 2
1936 2
1937 2
1938 2
1939 2
1940 2
1941 2
1942 2
1943 1
1944 1
1945 1
1946 1
1947 1
1948 1
1949 1
1950 1
1951 1
1952 1
1953 1
1954 1
1955 1
1956 1
1957 1
1958 1
1959 1
1960 1
1961 1
1962 1
1963 1
1964 1
1965 1
1966 4
1967 4
1968 4
1969 4
1970 4
1971 4
1972 4
1973 4
1974 4
1975 4
1976 4
1977 4
1978 4
1979 4
1980 4
1981 4
1982 4
1983 2
1984 2
1985 2
1986 2
1987 2
1988 2
1989 2
1990 2
1991 2
1992 2
1993 2
1994 2
1995 2
1996 2
1997 2
1998 2
1999 2
2000 2
2001 2
2002 2
2003 2
2004 2
2005 2
2006 2
2007 2
2008 2
2009 2
2010 2
2011 2
2012 2
2013 2
2014 2
2015 2
2016 2
2017 2
2018 2
2019 2
2020 2
2021 2
2022 2
2023 2
2024 2
2025 2
2026 2
2027 2
2028 2
2029 2
2030 2
2031 2
2032 2
2033 2
2034 2
2035 2
2036 2
2037 2
2038 2
2039 2
2040 2
2041 2
2042 2
2043 2
2044 2
2045 2
2046 2
2047 2
2048 2
2049 2
2050 2
2051 2
2052 1
2053 1
2054 1
2055 1
2056 1
2057 1
2058 1
2059 1
2060 1
2061 1
2062 1
2063 1
2064 1
2065 1
2066 1
2067 1
2068 1
2069 1
2070 1
2071 1
2072 1
2073 1
2074 1
2075 1
2076 1
2077 1
2078 1
2079 1
2080 1
2081 1
2082 1
2083 1
2084 1
2085 1
2086 1
2087 1
2088 1
2089 1
2090 1
2091 1
2092 1
2093 1
2094 1
2095 1
2096 1
2097 1
2098 3
2099 3
2100 3
2101 3
2102 3
2103 3
2104 3
2105 3
2106 3
2107 3
2108 3
2109 3
2110 3
2111 3
2112 3
2113 3
2114 3
2115 3
2116 3
2117 3
2118 3
2119 3
2120 3
2121 3
2122 3
2123 3
2124 3
2125 3
2126 3
2127 3
2128 3
2129 3
2130 3
2131 3
2132 3
2133 3
2134 3
2135 3
2136 3
2137 3
2138 3
2139 3
2140 3
2141 3
2142 3
2143 4
2144 4
2145 4
2146 3
2147 4
2148 4
2149 4
2150 4
2151 3
2152 3
2153 3
2154 3
2155 3
2156 3
2157 3
2158 3
2159 3
2160 3
2161 4
2162 4
2163 4
2164 4
2165 4
2166 4
2167 4
2168 4
2169 4
2170 4
2171 4
2172 3
2173 3
2174 3
2175 3
2176 3
2177 3
2178 3
2179 1
2180 1
2181 1
2182 1
2183 1
2184 1
2185 1
2186 1
2187 1
2188 1
2189 1
2190 1
2191 1
2192 1
2193 1
2194 1
2195 1
2196 1
2197 1
2198 1
2199 1
2200 1
2201 1
2202 1
2203 1
2204 1
2205 1
2206 1
2207 1
2208 1
2209 1
2210 1
2211 1
2212 1
2213 1
2214 1
2215 1
2216 1
2217 1
2218 0
2219 0
2220 0
2221 0
2222 0
2223 5
2224 5
2225 5
2226 5
2227 5
2228 5
2229 5
2230 5
2231 5
2232 5
2233 3
2234 3
2235 3
2236 3
2237 3
2238 5
2239 5
2240 5
2241 5
2242 3
2243 3
2244 3
2245 3
2246 3
2247 3
2248 1
2249 1
2250 1
2251 1
2252 1
2253 3
2254 3
2255 3
2256 3
2257 3
2258 3
2259 3
2260 3
2261 3
2262 3
2263 3
2264 3
2265 3
2266 3
2267 3
2268 3
2269 3
2270 3
2271 3
2272 3
2273 3
2274 3
2275 3
2276 3
2277 3
2278 3
2279 3
2280 3
2281 3
2282 3
2283 3
2284 3
2285 3
2286 3
2287 3
2288 3
2289 3
2290 3
2291 3
2292 3
2293 3
2294 3
2295 3
2296 3
2297 3
2298 3
2299 3
2300 3
2301 3
2302 3
2303 3
2304 3
2305 3
2306 3
2307 3
2308 3
2309 3
2310 3
2311 3
2312 3
2313 3
2314 3
2315 3
2316 3
2317 3
2318 3
2319 3
2320 3
2321 3
2322 3
2323 3
2324 3
2325 3
2326 3
2327 3
2328 3
2329 3
2330 3
2331 3
2332 3
2333 3
2334 3
2335 3
2336 3
2337 3
2338 4
2339 4
2340 4
2341 4
2342 4
2343 4
2344 4
2345 4
2346 4
2347 4
2348 4
2349 4
2350 4
2351 4
2352 4
2353 4
2354 4
2355 4
2356 4
2357 4
2358 4
2359 4
2360 4
2361 4
2362 4
2363 4
2364 4
2365 4
2366 4
2367 4
2368 4
2369 4
2370 4
2371 4
2372 4
2373 4
2374 4
2375 4
2376 4
2377 4
2378 4
2379 4
2380 2
2381 2
2382 2
2383 2
2384 2
2385 2
2386 2
2387 2
2388 2
2389 2
2390 2
2391 2
2392 2
2393 2
2394 2
2395 2
2396 2
2397 2
2398 2
2399 2
2400 2
2401 2
2402 2
2403 2
2404 2
2405 2
2406 2
2407 2
2408 2
2409 2
2410 2
2411 2
2412 2
2413 2
2414 2
2415 2
2416 2
2417 2
2418 2
2419 2
2420 2
2421 2
2422 2
2423 2
2424 2
2425 2
2426 2
2427 2
2428 2
2429 2
2430 2
2431 2
2432 2
2433 2
2434 2
2435 2
2436 2
2437 2
2438 2
2439 2
2440 2
2441 2
2442 2
2443 2
2444 2
2445 2
2446 2
2447 2
2448 2
2449 2
2450 1
2451 1
2452 1
2453 1
2454 1
2455 1
2456 1
2457 1
2458 1
2459 1
2460 1
2461 1
2462 1
2463 1
2464 1
2465 1
2466 1
2467 1
2468 1
2469 1
2470 1
2471 1
2472 1
2473 1
2474 1
2475 1
2476 1
2477 1
2478 1
2479 5
2480 5
2481 5
2482 1
2483 1
2484 1
2485 1
2486 1
2487 1
2488 1
2489 1
2490 5
2491 0
2492 0
2493 0
2494 5
2495 5
2496 5
2497 5
2498 5
2499 5
2500 5
2501 5
2502 1
2503 1
2504 1
2505 1
2506 1
2507 1
2508 1
2509 1
2510 1
2511 1
2512 1
2513 2
2514 2
2515 2
2516 2
2517 2
2518 2
2519 2
2520 2
2521 2
2522 2
2523 2
2524 2
2525 2
2526 2
2527 2
2528 2
2529 2
2530 2
2531 2
2532 2
2533 2
2534 2
2535 2
2536 2
2537 2
2538 2
2539 2
2540 2
2541 2
2542 2
2543 2
2544 2
2545 0
2546 0
2547 0
2548 0
2549 0
2550 0
2551 0
2552 2
2553 2
2554 2
2555 2
2556 2
2557 2
2558 2
2559 2
2560 5
2561 5
2562 5
2563 5
2564 5
2565 5
2566 5
2567 5
2568 5
2569 5
2570 2
2571 3
2572 3
2573 3
2574 3
2575 3
2576 3
2577 3
2578 3
2579 3
2580 3
2581 3
2582 3
2583 3
2584 3
2585 3
2586 3
2587 3
2588 3
2589 3
2590 3
2591 3
2592 3
2593 3
2594 3
2595 3
2596 3
2597 3
2598 3
2599 3
2600 3
2601 3
2602 3
2603 3
2604 3
2605 3
2606 3
2607 3
2608 3
2609 3
2610 3
2611 3
2612 3
2613 3
2614 3
2615 3
2616 3
2617 3
2618 3
2619 3
2620 3
2621 3
2622 3
2623 3
2624 3
2625 3
2626 3
2627 3
2628 3
2629 3
2630 3
2631 3
2632 3
2633 3
2634 3
2635 3
2636 3
2637 3
2638 3
2639 3
2640 3
2641 3
2642 3
2643 3
2644 3
2645 3
2646 3
2647 3
2648 3
2649 3
2650 4
2651 4
2652 4
2653 4
2654 4
2655 4
2656 4
2657 4
2658 4
2659 4
2660 4
2661 4
2662 4
2663 4
2664 4
2665 4
2666 4
2667 4
2668 4
2669 4
2670 4
2671 4
2672 4
2673 4
2674 4
2675 4
2676 4
2677 4
2678 4
2679 4
2680 4
2681 4
2682 4
2683 4
2684 4
2685 4
2686 4
2687 4
2688 4
2689 4
2690 4
2691 2
2692 2
2693 2
2694 2
2695 2
2696 2
2697 2
2698 2
2699 2
2700 2
2701 2
2702 2
2703 2
2704 2
2705 2
2706 2
2707 2
2708 2
2709 2
2710 2
2711 2
2712 2
2713 2
2714 2
2715 2
2716 2
2717 2
2718 2
2719 2
2720 2
2721 2
2722 2
2723 2
2724 2
2725 2
2726 2
2727 2
2728 2
2729 2
2730 2
2731 2
2732 2
2733 2
2734 2
2735 2
2736 2
2737 2
2738 2
2739 2
2740 2
2741 2
2742 2
2743 2
2744 2
2745 2
2746 2
2747 2
2748 2
2749 2
2750 2
2751 3
2752 3
2753 3
2754 3
2755 3
2756 3
2757 3
2758 3
2759 3
2760 3
2761 3
2762 3
2763 3
2764 3
2765 3
2766 3
2767 3
2768 3
2769 3
2770 3
2771 3
2772 3
2773 3
2774 3
2775 3
2776 3
2777 3
2778 3
2779 3
2780 3
2781 3
2782 3
2783 3
2784 3
2785 3
2786 3
2787 3
2788 3
2789 3
2790 3
2791 3
2792 3
2793 3
2794 3
2795 3
2796 3
2797 3
2798 3
2799 3
2800 3
2801 3
2802 3
2803 3
2804 3
2805 3
2806 3
2807 3
2808 3
2809 5
2810 5
2811 5
2812 5
2813 5
2814 5
2815 5
2816 5
2817 5
2818 5
2819 5
2820 5
2821 5
2822 5
2823 5
2824 3
2825 3
2826 3
2827 3
2828 3
2829 3
2830 3
2831 3
2832 3
2833 3
2834 3
2835 3
2836 3
2837 3
2838 3
2839 3
2840 3
2841 0
2842 0
2843 0
2844 0
2845 0
2846 0
2847 0
2848 0
2849 0
2850 0
2851 0
2852 0
2853 0
2854 0
2855 0
2856 0
2857 0
2858 0
2859 0
2860 0
2861 0
2862 0
2863 0
2864 0
2865 0
2866 0
2867 0
2868 0
2869 5
2870 5
2871 5
2872 5
2873 5
2874 5
2875 5
2876 5
2877 5
2878 5
2879 5
2880 5
2881 5
2882 5
2883 5
2884 5
2885 5
2886 0
2887 5
2888 5
2889 5
2890 5
2891 5
2892 5
2893 3
2894 3
2895 3
2896 3
2897 3
2898 3
2899 3
2900 3
2901 3
2902 3
2903 3
2904 3
2905 3
2906 3
2907 3
2908 3
2909 3
2910 3
2911 3
2912 3
2913 3
2914 3
2915 3
2916 3
2917 3
2918 3
2919 3
2920 3
2921 3
2922 3
2923 3
2924 3
2925 3
2926 3
2927 3
2928 3
2929 3
2930 3
2931 3
2932 3
2933 3
2934 3
2935 3
2936 3
2937 3
2938 3
2939 3
2940 3
2941 3
2942 3
2943 3
2944 3
2945 3
2946 3
2947 3
2948 3
2949 3
2950 3
2951 3
2952 3
2953 3
2954 3
2955 3
2956 3
2957 3
2958 3
2959 3
2960 3
2961 3
2962 3
2963 3
2964 3
2965 3
2966 3
2967 3
2968 3
2969 3
2970 3
2971 3
2972 3
2973 3
2974 3
2975 3
2976 3
2977 3
2978 3
2979 3
2980 3
2981 3
2982 3
2983 3
2984 3
2985 3
2986 3
2987 4
2988 4
2989 4
2990 4
2991 4
2992 4
2993 4
2994 4
2995 4
2996 4
2997 4
2998 4
2999 4
3000 4
3001 4
3002 4
3003 2
3004 2
3005 2
3006 2
3007 2
3008 2
3009 2
3010 2
3011 2
3012 2
3013 2
3014 2
3015 2
3016 2
3017 2
3018 2
3019 2
3020 2
3021 2
3022 2
3023 2
3024 2
3025 2
3026 2
3027 2
3028 2
3029 2
3030 2
3031 2
3032 2
3033 2
3034 2
3035 2
3036 2
3037 2
3038 2
3039 2
3040 2
3041 2
3042 2
3043 2
3044 2
3045 2
3046 2
3047 2
3048 2
3049 2
3050 2
3051 2
3052 2
3053 2
3054 2
3055 2
3056 2
3057 2
3058 2
3059 2
3060 2
3061 2
3062 2
3063 2
3064 2
3065 2
3066 1
3067 1
3068 1
3069 2
3070 1
3071 1
3072 1
3073 1
3074 1
3075 1
3076 1
3077 1
3078 1
3079 1
3080 1
3081 1
3082 1
3083 1
3084 1
3085 1
3086 1
3087 1
3088 1
3089 1
3090 1
3091 1
3092 1
3093 0
3094 0
3095 1
3096 1
3097 5
3098 1
3099 1
3100 1
3101 1
3102 1
3103 1
3104 1
3105 1
3106 1
3107 1
3108 1
3109 1
3110 1
3111 1
3112 1
3113 1
3114 1
3115 1
3116 1
3117 1
3118 1
3119 1
3120 1
3121 1
3122 1
3123 1
3124 1
3125 1
3126 1
3127 1
3128 1
3129 1
3130 1
3131 1
3132 1
3133 1
3134 1
3135 1
3136 1
3137 1
3138 1
3139 5
3140 5
3141 5
3142 5
3143 5
3144 5
3145 5
3146 5
3147 5
3148 1
3149 1
3150 1
3151 1
3152 1
3153 1
3154 1
3155 1
3156 1
3157 1
3158 1
3159 1
3160 1
3161 1
3162 0
3163 0
3164 0
3165 0
3166 0
3167 0
3168 0
3169 0
3170 0
3171 0
3172 0
3173 0
3174 0
3175 0
3176 0
3177 0
3178 0
3179 0
3180 0
3181 5
3182 0
3183 0
3184 0
3185 0
3186 0
3187 0
3188 0
3189 0
3190 0
3191 3
3192 0
3193 0
3194 0
3195 0
3196 0
3197 3
3198 3
3199 3
3200 3
3201 3
3202 3
3203 3
3204 3
3205 3
3206 3
3207 3
3208 3
3209 3
3210 3
3211 3
3212 3
3213 3
3214 0
3215 0
3216 0
3217 1
3218 1
3219 1
3220 1
3221 1
3222 1
3223 1
3224 1
3225 1
3226 1
3227 1
3228 1
3229 1
3230 1
3231 1
3232 1
3233 1
3234 1
3235 1
3236 1
3237 1
3238 1
3239 1
3240 1
3241 1
3242 3
3243 3
3244 3
3245 3
3246 3
3247 3
3248 3
3249 3
3250 3
3251 3
3252 3
3253 3
3254 3
3255 3
3256 3
3257 3
3258 3
3259 3
3260 3
3261 3
3262 3
3263 3
3264 3
3265 3
3266 3
3267 3
3268 3
3269 3
3270 3
3271 3
3272 3
3273 3
3274 3
3275 3
3276 3
3277 3
3278 4
3279 4
3280 2
3281 2
3282 2
3283 2
3284 2
3285 2
3286 2
3287 2
3288 2
3289 2
3290 2
3291 2
3292 2
3293 2
3294 2
3295 2
3296 2
3297 2
3298 2
3299 2
3300 2
3301 2
3302 2
3303 2
3304 2
3305 2
3306 2
3307 2
3308 2
3309 2
3310 2
3311 2
3312 2
3313 2
3314 2
3315 2
3316 2
3317 2
3318 2
3319 2
3320 2
3321 2
3322 2
3323 2
3324 2
3325 2
3326 2
3327 2
3328 2
3329 2
3330 1
3331 1
3332 1
3333 1
3334 1
3335 1
3336 1
3337 1
3338 1
3339 1
3340 1
3341 1
3342 1
3343 1
3344 1
3345 1
3346 1
3347 1
3348 1
3349 1
3350 1
3351 1
3352 1
3353 1
3354 1
3355 1
3356 1
3357 1
3358 1
3359 1
3360 1
3361 1
3362 1
3363 1
3364 1
3365 1
3366 1
3367 1
3368 1
3369 1
3370 1
3371 1
3372 1
3373 1
3374 1
3375 1
3376 1
3377 1
3378 1
3379 1
3380 1
3381 1
3382 1
3383 1
3384 1
3385 1
3386 1
3387 1
3388 1
3389 1
3390 1
3391 4
3392 4
3393 4
3394 4
3395 3
3396 3
3397 3
3398 3
3399 3
3400 3
3401 3
3402 3
3403 3
3404 3
3405 3
3406 3
3407 3
3408 3
3409 3
3410 3
3411 3
3412 5
3413 5
3414 5
3415 5
3416 5
3417 5
3418 5
3419 5
3420 5
3421 5
3422 5
3423 5
3424 5
3425 5
3426 5
3427 5
3428 5
3429 5
3430 5
3431 5
3432 5
3433 5
3434 5
3435 5
3436 0
3437 0
3438 0
3439 0
3440 0
3441 0
3442 5
3443 5
3444 5
3445 5
3446 5
3447 5
3448 5
3449 5
3450 0
3451 0
3452 0
3453 0
3454 5
3455 5
3456 5
3457 3
3458 5
3459 3
3460 3
3461 3
3462 3
3463 5
3464 3
3465 3
3466 3
3467 3
3468 3
3469 3
3470 3
3471 3
3472 3
3473 3
3474 3
3475 3
3476 3
3477 3
3478 3
3479 3
3480 3
3481 3
3482 3
3483 3
3484 1
3485 1
3486 1
3487 1
3488 1
3489 1
3490 1
3491 1
3492 1
3493 1
3494 1
3495 1
3496 1
3497 1
3498 1
3499 3
3500 3
3501 1
3502 1
3503 1
3504 1
3505 0
3506 0
3507 0
3508 0
3509 0
3510 0
3511 0
3512 0
3513 0
3514 0
3515 0
3516 0
3517 0
3518 0
3519 0
3520 0
3521 0
3522 0
3523 0
3524 0
3525 0
3526 0
3527 0
3528 0
3529 0
3530 0
3531 0
3532 0
3533 0
3534 0
3535 0
3536 0
3537 0
3538 0
3539 0
3540 0
3541 0
3542 0
3543 0
3544 0
3545 3
3546 4
3547 4
3548 4
3549 4
3550 4
3551 4
3552 4
3553 4
3554 4
3555 4
3556 4
3557 4
3558 4
3559 4
3560 4
3561 4
3562 4
3563 4
3564 4
3565 4
3566 4
3567 4
3568 4
3569 4
3570 4
3571 4
3572 4
3573 4
3574 4
3575 4
3576 4
3577 4
3578 4
3579 4
3580 4
3581 4
3582 4
3583 4
3584 4
3585 4
3586 4
3587 4
3588 4
3589 4
3590 4
3591 2
3592 2
3593 2
3594 2
3595 2
3596 2
3597 2
3598 2
3599 2
3600 2
3601 2
3602 2
3603 2
3604 2
3605 2
3606 2
3607 2
3608 2
3609 2
3610 2
3611 2
3612 2
3613 2
3614 2
3615 2
3616 2
3617 2
3618 2
3619 2
3620 2
3621 2
3622 2
3623 2
3624 2
3625 2
3626 2
3627 2
3628 2
3629 2
3630 2
3631 2
3632 2
3633 2
3634 2
3635 2
3636 2
3637 2
3638 2
3639 2
3640 2
3641 2
3642 2
3643 2
3644 2
3645 1
3646 1
3647 1
3648 1
3649 1
3650 1
3651 1
3652 1
3653 1
3654 1
3655 1
3656 1
3657 1
3658 1
3659 1
3660 1
3661 1
3662 1
3663 1
3664 1
3665 1
3666 1
3667 1
3668 1
3669 1
3670 1
3671 1
3672 1
3673 1
3674 1
3675 1
3676 1
3677 1
3678 1
3679 3
3680 3
3681 3
3682 3
3683 3
3684 1
3685 3
3686 3
3687 3
3688 3
3689 3
3690 3
3691 3
3692 3
3693 3
3694 3
3695 3
3696 3
3697 3
3698 3
3699 3
3700 3
3701 3
3702 3
3703 3
3704 3
3705 3
3706 3
3707 3
3708 3
3709 3
3710 3
3711 3
3712 3
3713 3
3714 3
3715 3
3716 3
3717 3
3718 3
3719 3
3720 3
3721 3
3722 3
3723 3
3724 3
3725 3
3726 3
3727 3
3728 3
3729 3
3730 3
3731 3
3732 3
3733 3
3734 3
3735 3
3736 3
3737 3
3738 3
3739 3
3740 3
3741 3
3742 3
3743 3
3744 3
3745 3
3746 3
3747 3
3748 3
3749 3
3750 3
3751 3
3752 3
3753 3
3754 3
3755 3
3756 3
3757 3
3758 3
3759 3
3760 1
3761 1
3762 1
3763 1
3764 1
3765 1
3766 1
3767 1
3768 1
3769 1
3770 0
3771 0
3772 0
3773 0
3774 5
3775 5
3776 5
3777 5
3778 5
3779 5
3780 5
3781 5
3782 5
3783 5
3784 5
3785 5
3786 5
3787 5
3788 5
3789 5
3790 5
3791 5
3792 5
3793 5
3794 5
3795 5
3796 5
3797 5
3798 5
3799 5
3800 5
3801 5
3802 5
3803 5
3804 5
3805 5
3806 5
3807 5
3808 5
3809 4
3810 4
3811 4
3812 4
3813 4
3814 4
3815 4
3816 4
3817 4
3818 4
3819 4
3820 4
3821 4
3822 4
3823 4
3824 3
3825 3
3826 3
3827 3
3828 4
3829 4
3830 4
3831 4
3832 4
3833 4
3834 4
3835 4
3836 4
3837 4
3838 4
3839 4
3840 4
3841 4
3842 4
3843 4
3844 4
3845 4
3846 4
3847 4
3848 4
3849 4
3850 4
3851 1
3852 1
3853 4
3854 4
3855 4
3856 4
3857 4
3858 4
3859 4
3860 4
3861 1
3862 1
3863 1
3864 4
3865 4
3866 4
3867 4
3868 4
3869 4
3870 4
3871 4
3872 4
3873 4
3874 4
3875 4
3876 4
3877 4
3878 4
3879 4
3880 1
3881 1
3882 1
3883 1
3884 1
3885 1
3886 1
3887 1
3888 4
3889 4
3890 4
3891 4
3892 3
3893 3
3894 3
3895 3
3896 3
3897 3
3898 3
3899 3
3900 3
3901 3
3902 3
3903 2
3904 2
3905 2
3906 2
3907 2
3908 2
3909 2
3910 2
3911 2
3912 2
3913 2
3914 1
3915 1
3916 1
3917 1
3918 1
3919 1
3920 1
3921 1
3922 1
3923 1
3924 1
3925 1
3926 1
3927 2
3928 2
3929 2
3930 2
3931 2
3932 2
3933 2
3934 1
3935 1
3936 1
3937 1
3938 1
3939 1
3940 1
3941 1
3942 1
3943 1
3944 1
3945 1
3946 1
3947 1
3948 1
3949 1
3950 1
3951 1
3952 5
3953 5
3954 5
3955 5
3956 5
3957 5
3958 0
3959 5
3960 5
3961 5
3962 1
3963 1
3964 1
3965 1
3966 1
3967 1
3968 1
3969 1
3970 1
3971 1
3972 3
3973 3
3974 3
3975 3
3976 3
3977 3
3978 3
3979 3
3980 3
3981 3
3982 3
3983 3
3984 3
3985 3
3986 3
3987 3
3988 3
3989 3
3990 3
3991 3
3992 3
3993 3
3994 3
3995 3
3996 3
3997 3
3998 3
3999 3
4000 3
4001 3
4002 3
4003 3
4004 3
4005 3
4006 3
4007 3
4008 3
4009 3
4010 3
4011 3
4012 3
4013 3
4014 3
4015 3
4016 3
4017 3
4018 3
4019 3
4020 3
4021 3
4022 3
4023 3
4024 3
4025 3
4026 3
4027 3
4028 3
4029 3
4030 3
4031 3
4032 3
4033 3
4034 3
4035 3
4036 3
4037 3
4038 1
4039 1
4040 1
4041 3
4042 3
4043 3
4044 3
4045 3
4046 3
4047 3
4048 3
4049 3
4050 3
4051 3
4052 3
4053 3
4054 3
4055 3
4056 3
4057 3
4058 3
4059 3
4060 3
4061 3
4062 3
4063 3
4064 3
4065 3
4066 3
4067 3
4068 3
4069 3
4070 3
4071 3
4072 3
4073 3
4074 3
4075 3
4076 3
4077 3
4078 3
4079 3
4080 3
4081 3
4082 3
4083 3
4084 3
4085 3
4086 5
4087 5
4088 5
4089 5
4090 5
4091 5
4092 5
4093 5
4094 5
4095 5
4096 0
4097 0
4098 0
4099 0
4100 5
4101 5
4102 5
4103 5
4104 5
4105 5
4106 5
4107 5
4108 5
4109 3
4110 3
4111 5
4112 5
4113 5
4114 3
4115 3
4116 0
4117 0
4118 0
4119 0
4120 0
4121 0
4122 0
4123 0
4124 0
4125 0
4126 0
4127 0
4128 0
4129 0
4130 0
4131 0
4132 0
4133 0
4134 0
4135 0
4136 0
4137 0
4138 0
4139 0
4140 0
4141 4
4142 4
4143 4
4144 4
4145 4
4146 4
4147 4
4148 4
4149 4
4150 4
4151 4
4152 2
4153 2
4154 2
4155 2
4156 2
4157 2
4158 2
4159 2
4160 2
4161 2
4162 2
4163 2
4164 2
4165 2
4166 2
4167 2
4168 2
4169 2
4170 2
4171 2
4172 2
4173 2
4174 2
4175 2
4176 2
4177 2
4178 2
4179 2
4180 2
4181 2
4182 2
4183 2
4184 2
4185 2
4186 2
4187 2
4188 2
4189 2
4190 2
4191 2
4192 2
4193 2
4194 2
4195 2
4196 2
4197 2
4198 2
4199 2
4200 2
4201 2
4202 2
4203 2
4204 2
4205 2
4206 1
4207 1
4208 3
4209 3
4210 3
4211 3
4212 3
4213 3
4214 3
4215 3
4216 3
4217 3
4218 3
4219 3
4220 3
4221 3
4222 3
4223 3
4224 3
4225 3
4226 3
4227 3
4228 3
4229 3
4230 3
4231 5
4232 3
4233 3
4234 3
4235 3
4236 4
4237 4
4238 5
4239 5
4240 5
4241 5
4242 5
4243 5
4244 5
4245 3
4246 3
4247 3
4248 3
4249 3
4250 1
4251 4
4252 4
4253 4
4254 4
4255 4
4256 4
4257 4
4258 4
4259 4
4260 4
4261 4
4262 4
4263 4
4264 4
4265 4
4266 4
4267 4
4268 4
4269 4
4270 4
4271 4
4272 4
4273 4
4274 4
4275 4
4276 4
4277 4
4278 4
4279 4
4280 2
4281 2
4282 2
4283 2
4284 2
4285 2
4286 2
4287 2
4288 2
4289 2
4290 2
4291 2
4292 2
4293 2
4294 2
4295 2
4296 2
4297 2
4298 2
4299 2
4300 2
4301 2
4302 2
4303 2
4304 2
4305 2
4306 2
4307 2
4308 2
4309 2
4310 2
4311 2
4312 2
4313 2
4314 2
4315 2
4316 2
4317 2
4318 2
4319 2
4320 2
4321 2
4322 2
4323 2
4324 2
4325 2
4326 2
4327 2
4328 2
4329 2
4330 2
4331 2
4332 2
4333 1
4334 1
4335 1
4336 1
4337 1
4338 1
4339 1
4340 1
4341 1
4342 1
4343 1
4344 1
4345 1
4346 1
4347 1
4348 1
4349 1
4350 1
4351 1
4352 1
4353 1
4354 1
4355 1
4356 1
4357 1
4358 1
4359 1
4360 1
4361 1
4362 1
4363 1
4364 1
4365 0
4366 0
4367 0
4368 1
4369 1
4370 1
4371 1
4372 0
4373 0
4374 0
4375 0
4376 0
4377 0
4378 5
4379 5
4380 5
4381 5
4382 5
4383 5
4384 5
4385 5
4386 5
4387 5
4388 5
4389 5
4390 5
4391 3
4392 3
4393 3
4394 3
4395 0
4396 0
4397 0
4398 0
4399 0
4400 0
4401 0
4402 3
4403 3
4404 3
4405 4
4406 4
4407 4
4408 4
4409 4
4410 0
4411 0
4412 0
4413 0
4414 0
4415 0
4416 5
4417 3
4418 3
4419 3
4420 4
4421 4
4422 4
4423 4
4424 4
4425 4
4426 4
4427 4
4428 4
4429 1
4430 1
4431 1
4432 1
4433 1
4434 1
4435 1
4436 1
4437 1
4438 1
4439 3
4440 3
4441 3
4442 3
4443 3
4444 3
4445 3
4446 3
4447 3
4448 3
4449 3
4450 3
4451 3
4452 3
4453 3
4454 3
4455 3
4456 3
4457 3
4458 3
4459 3
4460 3
4461 3
4462 3
4463 3
4464 3
4465 3
4466 3
4467 3
4468 3
4469 3
4470 3
4471 3
4472 3
4473 3
4474 3
4475 3
4476 3
4477 3
4478 3
4479 3
4480 3
4481 3
4482 3
4483 3
4484 3
4485 3
4486 3
4487 3
4488 3
4489 3
4490 3
4491 3
4492 3
4493 3
4494 3
4495 3
4496 3
4497 3
4498 3
4499 3
4500 3
4501 3
4502 3
4503 5
4504 5
4505 5
4506 5
4507 5
4508 3
4509 3
4510 3
4511 3
4512 3
4513 3
4514 1
4515 1
4516 1
4517 1
4518 1
4519 1
4520 1
4521 1
4522 0
4523 0
4524 0
4525 0
4526 0
4527 0
4528 0
4529 0
4530 0
4531 0
4532 0
4533 0
4534 0
4535 0
4536 0
4537 0
4538 0
4539 0
4540 0
4541 0
4542 0
4543 0
4544 0
4545 0
4546 0
4547 0
4548 0
4549 0
4550 0
4551 0
4552 0
4553 0
4554 0
4555 0
4556 0
4557 0
4558 0
4559 0
4560 0
4561 0
4562 0
4563 0
4564 0
4565 0
4566 2
4567 2
4568 2
4569 2
4570 2
4571 2
4572 2
4573 2
4574 2
4575 2
4576 2
4577 2
4578 2
4579 2
4580 2
4581 2
4582 2
4583 2
4584 2
4585 2
4586 2
4587 2
4588 2
4589 2
4590 2
4591 2
4592 1
4593 1
4594 1
4595 1
4596 1
4597 1
4598 1
4599 1
4600 1
4601 1
4602 1
4603 1
4604 1
4605 1
4606 1
4607 1
4608 1
4609 1
4610 1
4611 1
4612 1
4613 1
4614 1
4615 1
4616 1
4617 1
4618 1
4619 1
4620 1
4621 1
4622 1
4623 1
4624 1
4625 1
4626 1
4627 1
4628 1
4629 1
4630 1
4631 1
4632 1
4633 1
4634 1
4635 1
4636 1
4637 1
4638 1
4639 1
4640 1
4641 1
4642 1
4643 4
4644 4
4645 4
4646 4
4647 4
4648 0
4649 0
4650 1
4651 1
4652 1
4653 0
4654 1
4655 0
4656 0
4657 0
4658 3
4659 3
4660 3
4661 3
4662 3
4663 3
4664 3
4665 3
4666 0
4667 0
4668 0
4669 3
4670 3
4671 3
4672 3
4673 3
4674 3
4675 3
4676 3
4677 3
4678 3
4679 3
4680 3
4681 3
4682 3
4683 3
4684 3
4685 3
4686 3
4687 3
4688 3
4689 3
4690 3
4691 3
4692 3
4693 3
4694 3
4695 3
4696 3
4697 3
4698 3
4699 3
4700 3
4701 3
4702 3
4703 3
4704 3
4705 3
4706 3
4707 3
4708 3
4709 3
4710 3
4711 3
4712 3
4713 3
4714 3
4715 3
4716 3
4717 3
4718 3
4719 3
4720 3
4721 3
4722 3
4723 3
4724 3
4725 3
4726 3
4727 3
4728 3
4729 4
4730 4
4731 4
4732 4
4733 3
4734 3
4735 3
4736 3
4737 3
4738 3
4739 3
4740 3
4741 3
4742 3
4743 3
4744 3
4745 3
4746 3
4747 3
4748 3
4749 3
4750 3
4751 3
4752 3
4753 3
4754 3
4755 3
4756 3
4757 3
4758 3
4759 3
4760 3
4761 3
4762 3
4763 3
4764 4
4765 4
4766 4
4767 4
4768 4
4769 4
4770 4
4771 2
4772 2
4773 2
4774 2
4775 2
4776 2
4777 2
4778 2
4779 2
4780 2
4781 2
4782 2
4783 2
4784 2
4785 2
4786 2
4787 2
4788 2
4789 2
4790 2
4791 2
4792 2
4793 2
4794 2
4795 2
4796 2
4797 2
4798 2
4799 2
4800 2
4801 2
4802 2
4803 2
4804 2
4805 2
4806 2
4807 2
4808 2
4809 2
4810 2
4811 1
4812 1
4813 1
4814 1
4815 1
4816 1
4817 1
4818 1
4819 1
4820 1
4821 1
4822 1
4823 1
4824 1
4825 1
4826 1
4827 1
4828 1
4829 1
4830 1
4831 1
4832 1
4833 1
4834 1
4835 1
4836 1
4837 1
4838 1
4839 1
4840 1
4841 1
4842 1
4843 1
4844 1
4845 1
4846 1
4847 1
4848 1
4849 1
4850 1
4851 1
4852 1
4853 1
4854 1
4855 1
4856 1
4857 1
4858 1
4859 1
4860 1
4861 1
4862 1
4863 1
4864 1
4865 1
4866 1
4867 1
4868 1
4869 1
4870 1
4871 1
4872 1
4873 1
4874 1
4875 1
4876 1
4877 1
4878 1
4879 1
4880 1
4881 1
4882 1
4883 1
4884 1
4885 1
4886 1
4887 1
4888 1
4889 1
4890 1
4891 1
4892 1
4893 1
4894 1
4895 1
4896 1
4897 1
4898 1
4899 1
4900 1
4901 1
4902 1
4903 1
4904 1
4905 1
4906 1
4907 1
4908 1
4909 1
4910 1
4911 1
4912 1
4913 1
4914 1
4915 1
4916 1
4917 1
4918 2
4919 2
4920 2
4921 2
4922 2
4923 2
4924 2
4925 2
4926 2
4927 2
4928 2
4929 2
4930 2
4931 2
4932 2
4933 2
4934 2
4935 2
4936 2
4937 2
4938 2
4939 2
4940 2
4941 2
4942 2
4943 2
4944 2
4945 2
4946 2
4947 2
4948 2
4949 2
4950 2
4951 2
4952 2
4953 2
4954 2
4955 2
4956 2
4957 2
4958 2
4959 2
4960 2
4961 2
4962 2
4963 2
4964 2
4965 3
4966 3
4967 3
4968 3
4969 3
4970 3
4971 3
4972 3
4973 3
4974 3
4975 3
4976 3
4977 3
4978 3
4979 3
4980 3
4981 3
4982 3
4983 3
4984 3
4985 3
4986 3
4987 3
4988 3
4989 3
4990 3
4991 3
4992 3
4993 3
4994 3
4995 3
4996 3
4997 3
4998 3
4999 3
5000 3
5001 3
5002 3
5003 3
5004 3
5005 3
5006 3
5007 3
5008 3
5009 4
5010 4
5011 4
5012 4
5013 4
5014 4
5015 4
5016 4
5017 4
5018 4
5019 4
5020 4
5021 3
5022 3
5023 3
5024 4
5025 4
5026 4
5027 4
5028 4
5029 4
5030 4
5031 4
5032 4
5033 4
5034 4
5035 4
5036 4
5037 4
5038 4
5039 4
5040 4
5041 4
5042 4
5043 4
5044 4
5045 4
5046 2
5047 2
5048 2
5049 2
5050 2
5051 2
5052 2
5053 2
5054 2
5055 2
5056 2
5057 2
5058 2
5059 2
5060 2
5061 2
5062 2
5063 2
5064 2
5065 2
5066 2
5067 2
5068 2
5069 2
5070 2
5071 2
5072 2
5073 2
5074 2
5075 2
5076 2
5077 2
5078 2
5079 2
5080 2
5081 2
5082 2
5083 2
5084 2
5085 2
5086 2
5087 2
5088 2
5089 2
5090 2
5091 2
5092 2
5093 2
5094 2
5095 1
5096 1
5097 2
5098 2
5099 2
5100 2
5101 1
5102 1
5103 1
5104 1
5105 2
5106 1
5107 1
5108 2
5109 2
5110 2
5111 2
5112 1
5113 1
5114 1
5115 1
5116 2
5117 2
5118 1
5119 1
5120 1
5121 1
5122 1
5123 1
5124 1
5125 1
5126 1
5127 1
5128 1
5129 1
5130 1
5131 1
5132 1
5133 1
5134 1
5135 1
5136 1
5137 1
5138 1
5139 1
5140 1
5141 1
5142 1
5143 1
5144 1
5145 1
5146 1
5147 1
5148 1
5149 1
5150 1
5151 2
5152 2
5153 2
5154 2
5155 1
5156 0
5157 0
5158 3
5159 3
5160 3
5161 3
5162 3
5163 3
5164 3
5165 3
5166 3
5167 3
5168 3
5169 4
5170 3
5171 3
5172 3
5173 3
5174 3
5175 3
5176 3
5177 3
5178 3
5179 3
5180 3
5181 3
5182 3
5183 3
5184 3
5185 3
5186 3
5187 3
5188 3
5189 3
5190 3
5191 3
5192 3
5193 3
5194 3
5195 3
5196 3
5197 3
5198 3
5199 3
5200 3
5201 3
5202 3
5203 3
5204 3
5205 3
5206 3
5207 3
5208 3
5209 3
5210 3
5211 3
5212 3
5213 3
5214 3
5215 3
5216 3
5217 3
5218 3
5219 3
5220 3
5221 3
5222 3
5223 3
5224 3
5225 3
5226 3
5227 3
5228 3
5229 3
5230 3
5231 4
5232 4
5233 4
5234 4
5235 1
5236 1
5237 1
5238 4
5239 4
5240 4
5241 4
5242 4
5243 4
5244 4
5245 4
5246 4
5247 4
5248 4
5249 4
5250 2
5251 2
5252 2
5253 2
5254 2
5255 2
5256 2
5257 2
5258 2
5259 2
5260 2
5261 2
5262 2
5263 2
5264 2
5265 2
5266 2
5267 2
5268 2
5269 2
5270 2
5271 2
5272 2
5273 2
5274 2
5275 2
5276 2
5277 2
5278 2
5279 2
5280 2
5281 2
5282 2
5283 2
5284 2
5285 2
5286 2
5287 2
5288 2
5289 2
5290 2
5291 2
5292 2
5293 2
5294 2
5295 2
5296 2
5297 2
5298 2
5299 2
5300 2
5301 2
5302 1
5303 2
5304 2
5305 2
5306 2
5307 2
5308 2
5309 2
5310 2
5311 2
5312 2
5313 2
5314 2
5315 2
5316 2
5317 1
5318 1
5319 1
5320 1
5321 1
5322 1
5323 1
5324 1
5325 1
5326 1
5327 1
5328 1
5329 1
5330 1
5331 1
5332 1
5333 1
5334 1
5335 1
5336 1
5337 1
5338 1
5339 1
5340 1
5341 1
5342 1
5343 1
5344 1
5345 1
5346 1
5347 1
5348 1
5349 1
5350 1
5351 1
5352 1
5353 1
5354 1
5355 1
5356 1
5357 1
5358 1
5359 1
5360 1
5361 1
5362 1
5363 1
5364 1
5365 1
5366 1
5367 1
5368 1
5369 1
5370 1
5371 1
5372 1
5373 1
5374 1
5375 1
5376 2
5377 2
5378 2
5379 2
5380 0
5381 5
5382 5
5383 5
5384 5
5385 5
5386 5
5387 5
5388 5
5389 5
5390 5
5391 5
5392 1
5393 1
5394 1
5395 1
5396 1
5397 1
5398 1
5399 1
5400 1
5401 1
5402 1
5403 3
5404 3
5405 3
5406 3
5407 3
5408 3
5409 3
5410 3
5411 3
5412 3
5413 3
5414 3
5415 3
5416 3
5417 3
5418 3
5419 3
5420 3
5421 3
5422 3
5423 3
5424 3
5425 3
5426 3
5427 3
5428 3
5429 3
5430 3
5431 3
5432 3
5433 3
5434 3
5435 3
5436 3
5437 3
5438 3
5439 3
5440 3
5441 3
5442 3
5443 3
5444 3
5445 3
5446 3
5447 3
5448 4
5449 4
5450 4
5451 4
5452 4
5453 4
5454 4
5455 4
5456 4
5457 4
5458 4
5459 4
5460 4
5461 4
5462 4
5463 4
5464 4
5465 4
5466 4
5467 4
5468 4
5469 4
5470 4
5471 4
5472 4
5473 4
5474 4
5475 2
5476 2
5477 2
5478 2
5479 2
5480 2
5481 2
5482 2
5483 2
5484 2
5485 2
5486 2
5487 2
5488 2
5489 2
5490 2
5491 2
5492 2
5493 2
5494 2
5495 2
5496 2
5497 2
5498 2
5499 2
5500 2
5501 2
5502 2
5503 2
5504 2
5505 2
5506 2
5507 2
5508 2
5509 2
5510 2
5511 2
5512 2
5513 2
5514 2
5515 2
5516 2
5517 2
5518 2
5519 2
5520 2
5521 2
5522 2
5523 2
5524 2
5525 2
5526 2
5527 2
5528 2
5529 2
5530 2
5531 2
5532 2
5533 2
5534 2
5535 2
5536 2
5537 2
5538 2
5539 2
5540 2
5541 2
5542 2
5543 2
5544 2
5545 2
5546 2
5547 2
5548 2
5549 2
5550 2
5551 2
5552 2
5553 2
5554 2
5555 2
5556 2
5557 2
5558 2
5559 1
5560 1
5561 1
5562 1
5563 1
5564 1
5565 1
5566 1
5567 1
5568 1
5569 1
5570 1
5571 1
5572 1
5573 1
5574 1
5575 1
5576 1
5577 1
5578 1
5579 1
5580 1
5581 1
5582 1
5583 1
5584 1
5585 1
5586 1
5587 1
5588 1
5589 1
5590 1
5591 1
5592 1
5593 1
5594 1
5595 1
5596 1
5597 1
5598 1
5599 1
5600 1
5601 1
5602 1
5603 1
5604 1
5605 1
5606 1
5607 1
5608 1
5609 1
5610 1
5611 1
5612 1
5613 1
5614 1
5615 1
5616 5
5617 5
5618 5
5619 5
5620 5
5621 2
5622 2
5623 2
5624 2
5625 2
5626 2
5627 2
5628 2
5629 2
5630 2
5631 2
5632 2
5633 2
5634 2
5635 2
5636 2
5637 2
5638 2
5639 2
5640 2
5641 2
5642 2
5643 2
5644 2
5645 2
5646 2
5647 2
5648 4
5649 4
5650 4
5651 4
5652 4
5653 4
5654 2
5655 2
5656 2
5657 2
5658 2
5659 2
5660 2
5661 2
5662 2
5663 2
5664 2
5665 2
5666 2
5667 2
5668 2
5669 2
5670 2
5671 2
5672 2
5673 2
5674 2
5675 2
5676 2
5677 2
5678 2
5679 2
5680 2
5681 2
5682 2
5683 2
5684 2
5685 2
5686 2
5687 2
5688 2
5689 2
5690 2
5691 2
5692 2
5693 2
5694 2
5695 2
5696 2
5697 2
5698 2
5699 2
5700 2
5701 2
5702 2
5703 2
5704 2
5705 2
5706 2
5707 2
5708 2
5709 2
5710 2
5711 2
5712 2
5713 1
5714 1
5715 1
5716 1
5717 1
5718 2
5719 2
5720 2
5721 2
5722 2
5723 2
5724 2
5725 2
5726 2
5727 2
5728 2
5729 2
5730 2
5731 2
5732 2
5733 2
5734 2
5735 2
5736 2
5737 2
5738 2
5739 2
5740 2
5741 2
5742 2
5743 2
5744 2
5745 2
5746 2
5747 2
5748 2
5749 2
5750 2
5751 2
5752 1
5753 1
5754 1
5755 1
5756 1
5757 0
5758 1
5759 0
5760 1
5761 1
5762 1
5763 1
5764 1
5765 1
5766 1
5767 1
5768 1
5769 1
5770 1
5771 1
5772 1
5773 1
5774 1
5775 1
5776 1
5777 1
5778 1
5779 1
5780 1
5781 1
5782 1
5783 1
5784 1
5785 1
5786 1
5787 1
5788 1
5789 1
5790 1
5791 1
5792 1
5793 1
5794 1
5795 1
5796 1
5797 1
5798 1
5799 1
5800 1
5801 1
5802 1
5803 1
5804 1
5805 1
5806 1
5807 1
5808 1
5809 1
5810 1
5811 1
5812 2
5813 2
5814 2
5815 2
5816 2
5817 2
5818 2
5819 2
5820 2
5821 2
5822 2
5823 1
5824 1
5825 1
5826 1
5827 1
5828 1
5829 1
5830 1
5831 2
5832 2
5833 2
5834 2
5835 2
5836 1
5837 1
5838 1
5839 1
5840 2
5841 2
5842 2
5843 2
5844 2
5845 2
5846 2
5847 2
5848 2
5849 2
5850 2
5851 2
5852 2
5853 2
5854 2
5855 2
5856 2
5857 2
5858 2
5859 2
5860 2
5861 2
5862 2
5863 2
5864 2
5865 2
5866 2
5867 2
5868 2
5869 2
5870 2
5871 2
5872 1
5873 1
5874 1
5875 1
5876 1
5877 1
5878 1
5879 1
5880 1
5881 1
5882 1
5883 1
5884 1
5885 1
5886 1
5887 1
5888 1
5889 1
5890 1
5891 1
5892 1
5893 1
5894 1
5895 1
5896 1
5897 1
5898 1
5899 1
5900 1
5901 1
5902 1
5903 1
5904 1
5905 1
5906 1
5907 1
5908 1
5909 1
5910 1
5911 1
5912 1
5913 1
5914 1
5915 1
5916 1
5917 1
5918 1
5919 1
5920 1
5921 1
5922 1
5923 1
5924 1
5925 1
5926 1
5927 1
5928 1
5929 1
5930 1
5931 1
5932 1
5933 1
5934 1
5935 1
5936 1
5937 1
5938 1
5939 1
5940 1
5941 1
5942 1
5943 1
5944 1
5945 1
5946 1
5947 1
5948 1
5949 1
5950 0
5951 0
5952 0
5953 0
5954 0
5955 0
5956 0
5957 0
5958 0
5959 0
5960 0
5961 0
5962 0
5963 0
5964 0
5965 0
5966 0
5967 0
5968 0
5969 0
5970 0
5971 0
5972 0
5973 0
5974 0
5975 0
5976 0
5977 0
5978 0
5979 0
5980 0
5981 0
5982 0
5983 0
5984 0
5985 0
5986 0
5987 1
5988 1
5989 1
5990 1
5991 1
5992 1
5993 1
5994 1
5995 1
5996 1
5997 1
5998 1
5999 1
6000 1
6001 1
6002 1
6003 1
6004 1
6005 1
6006 1
6007 1
6008 1
6009 1
6010 1
6011 1
6012 1
6013 1
6014 1
6015 1
6016 1
6017 1
6018 2
6019 1
6020 1
6021 1
6022 1
6023 1
6024 1
6025 1
6026 1
6027 1
6028 1
6029 1
6030 1
6031 1
6032 1
6033 1
6034 1
6035 1
6036 1
6037 1
6038 1
6039 1
6040 1
6041 1
6042 1
6043 1
6044 1
6045 1
6046 1
6047 1
6048 1
6049 1
6050 1
6051 1
6052 1
6053 1
6054 1
6055 1
6056 1
6057 1
6058 1
6059 1
6060 1
6061 1
6062 1
6063 1
6064 1
6065 1
6066 1
6067 1
6068 1
6069 1
6070 1
6071 1
6072 1
6073 1
6074 1
6075 1
6076 1
6077 1
6078 1
6079 1
6080 1
6081 1
6082 1
6083 1
6084 1
6085 1
6086 1
6087 1
6088 1
6089 1
6090 1
6091 1
6092 1
6093 1
6094 1
6095 2
6096 2
6097 2
6098 2
6099 2
6100 2
6101 2
6102 2
6103 2
6104 2
6105 2
6106 2
6107 2
6108 2
6109 2
6110 2
6111 2
6112 2
6113 2
6114 2
6115 2
6116 0
6117 0
6118 0
6119 0
6120 0
6121 2
6122 0
6123 0
6124 0
6125 0
6126 0
6127 0
6128 0
6129 0
6130 0
6131 0
6132 0
6133 0
6134 0
6135 0
6136 0
6137 0
6138 0
6139 0
6140 0
6141 0
6142 0
6143 0
6144 0
6145 0
6146 0
6147 0
6148 0
6149 0
6150 0
6151 0
6152 0
6153 0
6154 0
6155 0
6156 0
6157 0
6158 0
6159 0
6160 0
6161 0
6162 0
6163 0
6164 0
6165 0
6166 0
6167 1
6168 0
6169 1
6170 0
6171 0
6172 1
6173 1
6174 0
6175 0
6176 0
6177 0
6178 0
6179 1
6180 1
6181 0
6182 1
6183 0
6184 1
6185 1
6186 1
6187 1
6188 1
6189 1
6190 1
6191 1
6192 1
6193 1
6194 1
6195 1
6196 1
6197 1
6198 1
6199 1
6200 1
6201 1
6202 1
6203 1
6204 1
6205 1
6206 1
6207 1
6208 1
6209 1
6210 1
6211 1
6212 1
6213 1
6214 1
6215 1
6216 1
6217 1
6218 1
6219 1
6220 1
6221 1
6222 1
6223 1
6224 1
6225 1
6226 1
6227 1
6228 1
6229 1
6230 1
6231 1
6232 1
6233 1
6234 1
6235 1
6236 1
6237 1
6238 1
6239 1
6240 1
6241 1
6242 1
6243 1
6244 1
6245 1
6246 1
6247 1
6248 1
6249 1
6250 1
6251 1
6252 1
6253 1
6254 1
6255 1
6256 1
6257 1
6258 1
6259 1
6260 1
6261 1
6262 1
6263 1
6264 1
6265 1
6266 1
6267 1
6268 1
6269 1
6270 1
6271 1
6272 1
6273 1
6274 1
6275 1
6276 1
6277 1
6278 1
6279 1
6280 1
6281 1
6282 1
6283 1
6284 1
6285 1
6286 1
6287 1
6288 1
6289 1
6290 1
6291 1
6292 1
6293 1
6294 1
6295 1
6296 1
6297 1
6298 1
6299 1
6300 1
6301 1
6302 1
6303 1
6304 1
6305 1
6306 1
6307 1
6308 1
6309 1
6310 1
6311 1
6312 1
6313 1
6314 1
6315 1
6316 1
6317 1
6318 1
6319 1
6320 1
6321 1
6322 1
6323 1
6324 1
6325 1
6326 1
6327 1
6328 1
6329 1
6330 1
6331 1
6332 1
6333 1
6334 1
6335 1
6336 1
6337 1
6338 1
6339 1
6340 1
6341 1
6342 1
6343 1
6344 1
6345 1
6346 1
6347 1
6348 1
6349 1
6350 1
6351 1
6352 1
6353 1
6354 1
6355 1
6356 1
6357 1
6358 1
6359 1
6360 1
6361 1
6362 1
6363 1
6364 1
6365 1
6366 1
6367 1
6368 1
6369 1
6370 1
6371 1
6372 1
6373 1
6374 1
6375 1
6376 1
6377 1
6378 1
6379 1
6380 1
6381 1
6382 1
6383 2
6384 2
6385 2
6386 2
6387 2
6388 2
6389 2
6390 2
6391 2
6392 2
6393 2
6394 2
6395 2
6396 2
6397 2
6398 2
6399 2
6400 0
6401 0
6402 0
6403 0
6404 0
6405 0
6406 0
6407 0
6408 0
6409 0
6410 0
6411 0
6412 0
6413 0
6414 0
6415 0
6416 0
6417 0
6418 0
6419 0
6420 0
6421 0
6422 0
6423 0
6424 0
6425 0
6426 0
6427 0
6428 0
6429 0
6430 0
6431 0
6432 0
6433 0
6434 0
6435 0
6436 0
6437 0
6438 0
6439 0
6440 0
6441 0
6442 0
6443 0
6444 0
6445 0
6446 0
6447 0
6448 0
6449 0
6450 0
6451 0
6452 0
6453 0
6454 1
6455 1
6456 1
6457 1
6458 1
6459 1
6460 1
6461 1
6462 1
6463 1
6464 1
6465 1
6466 1
6467 1
6468 1
6469 1
6470 1
6471 1
6472 1
6473 1
6474 1
6475 1
6476 1
6477 1
6478 1
6479 1
6480 1
6481 1
6482 1
6483 1
6484 1
6485 1
6486 1
6487 1
6488 1
6489 1
6490 1
6491 1
6492 1
6493 1
6494 1
6495 1
6496 1
6497 1
6498 1
6499 1
6500 1
6501 1
6502 1
6503 1
6504 1
6505 1
6506 1
6507 1
6508 1
6509 1
6510 1
6511 1
6512 1
6513 1
6514 1
6515 1
6516 1
6517 1
6518 1
6519 1
6520 1
6521 1
6522 1
6523 1
6524 1
6525 1
6526 1
6527 1
6528 1
6529 1
6530 1
6531 1
6532 1
6533 1
6534 1
6535 1
6536 1
6537 1
6538 1
6539 1
6540 1
6541 1
6542 1
6543 1
6544 1
6545 1
6546 1
6547 1
6548 1
6549 1
6550 1
6551 1
6552 1
6553 1
6554 1
6555 1
6556 1
6557 1
6558 0
6559 0
6560 0
6561 0
6562 4
6563 4
6564 0
6565 0
6566 0
6567 4
6568 4
6569 0
6570 4
6571 0
6572 0
6573 0
6574 0
6575 0
6576 0
6577 0
6578 0
6579 0
6580 0
6581 0
6582 0
6583 0
6584 0
6585 0
6586 0
6587 0
6588 0
6589 0
6590 0
6591 0
6592 0
6593 0
6594 0
6595 0
6596 0
6597 0
6598 0
6599 0
6600 0
6601 0
6602 0
6603 0
6604 0
6605 0
6606 0
6607 0
6608 0
6609 0
6610 0
6611 0
6612 0
6613 0
6614 0
6615 0
6616 0
6617 0
6618 0
6619 0
6620 0
6621 0
6622 0
6623 0
6624 0
6625 0
6626 0
6627 0
6628 0
6629 0
6630 0
6631 0
6632 0
6633 0
6634 0
6635 0
6636 0
6637 0
6638 0
6639 0
6640 0
6641 0
6642 0
6643 0
6644 0
6645 0
6646 0
6647 0
6648 0
6649 1
6650 0
6651 1
6652 0
6653 0
6654 0
6655 0
6656 0
6657 0
6658 0
6659 0
6660 0
6661 0
6662 0
6663 0
6664 0
6665 0
6666 0
6667 0
6668 0
6669 0
6670 0
6671 0
6672 0
6673 0
6674 0
6675 0
6676 0
6677 0
6678 0
6679 0
6680 0
6681 0
6682 0
6683 0
6684 0
6685 0
6686 0
6687 0
6688 0
6689 0
6690 0
6691 0
6692 0
6693 0
6694 0
6695 0
6696 0
6697 0
6698 0
6699 0
6700 0
6701 0
6702 0
6703 0
6704 0
6705 1
6706 1
6707 1
6708 1
6709 1
6710 1
6711 1
6712 1
6713 1
6714 1
6715 1
6716 1
6717 1
6718 1
6719 1
6720 0
6721 0
6722 0
6723 0
6724 0
6725 0
6726 0
6727 0
6728 0
6729 0
6730 0
6731 0
6732 0
6733 0
6734 0
6735 0
6736 0
6737 0
6738 0
6739 0
6740 0
6741 0
6742 0
6743 0
6744 0
6745 0
6746 0
6747 0
6748 0
6749 0
6750 0
6751 0
6752 0
6753 0
6754 0
6755 0
6756 0
6757 0
6758 0
6759 0
6760 0
6761 0
6762 0
6763 0
6764 0
6765 0
6766 0
6767 0
6768 0
6769 0
6770 0
6771 0
6772 0
6773 0
6774 0
6775 0
6776 0
6777 0
6778 0
6779 0
6780 0
6781 0
6782 0
6783 0
6784 0
6785 0
6786 0
6787 0
6788 0
6789 0
6790 0
6791 3
6792 3
6793 3
6794 3
6795 3
6796 3
6797 3
6798 3
6799 3
6800 3
6801 3
6802 3
6803 3
6804 3
6805 3
6806 3
6807 3
6808 3
6809 3
6810 3
6811 3
6812 3
6813 3
6814 3
6815 3
6816 3
6817 3
6818 3
6819 3
6820 3
6821 3
6822 3
6823 3
6824 3
6825 3
6826 3
6827 3
6828 3
6829 4
6830 4
6831 4
6832 4
6833 4
6834 4
6835 4
6836 4
6837 4
6838 4
6839 4
6840 4
6841 4
6842 4
6843 4
6844 4
6845 4
6846 4
6847 4
6848 4
6849 4
6850 4
6851 4
6852 4
6853 4
6854 4
6855 4
6856 4
6857 4
6858 4
6859 4
6860 4
6861 4
6862 4
6863 4
6864 4
6865 4
6866 4
6867 4
6868 4
6869 4
6870 4
6871 4
6872 4
6873 4
6874 4
6875 4
6876 4
6877 4
6878 4
6879 4
6880 4
6881 4
6882 4
6883 4
6884 4
6885 4
6886 4
6887 4
6888 4
6889 4
6890 4
6891 4
6892 4
6893 4
6894 4
6895 4
6896 4
6897 4
6898 4
6899 4
6900 4
6901 4
6902 4
6903 4
6904 4
6905 4
6906 4
6907 4
6908 4
6909 4
6910 4
6911 4
6912 4
6913 4
6914 4
6915 4
6916 4
6917 4
6918 4
6919 4
6920 4
6921 4
6922 2
6923 2
6924 2
6925 2
6926 2
6927 2
6928 2
6929 2
6930 2
6931 2
6932 2
6933 2
6934 2
6935 2
6936 2
6937 2
6938 2
6939 2
6940 2
6941 2
6942 2
6943 2
6944 2
6945 2
6946 2
6947 2
6948 2
6949 2
6950 2
6951 2
6952 2
6953 2
6954 0
6955 2
6956 0
6957 2
6958 0
6959 0
6960 0
6961 0
6962 0
6963 0
6964 0
6965 0
6966 2
6967 2
6968 2
6969 2
6970 2
6971 2
6972 2
6973 2
6974 2
6975 2
6976 2
6977 2
6978 2
6979 2
6980 2
6981 2
6982 4
6983 4
6984 4
6985 4
6986 4
6987 4
6988 4
6989 4
6990 4
6991 4
6992 4
6993 4
6994 4
6995 4
6996 4
6997 4
6998 4
6999 4
7000 4
7001 0
7002 0
7003 0
7004 0
7005 0
7006 0
7007 0
7008 0
7009 0
7010 0
7011 0
7012 0
7013 0
7014 0
7015 0
7016 0
7017 0
7018 0
7019 0
7020 0
7021 0
7022 0
7023 0
7024 0
7025 0
7026 0
7027 0
7028 0
7029 0
7030 0
7031 0
7032 0
7033 0
7034 0
7035 0
7036 0
7037 0
7038 0
7039 0
7040 0
7041 0
7042 0
7043 2
7044 2
7045 2
7046 2
7047 2
7048 2
7049 2
7050 2
7051 2
7052 0
7053 2
7054 2
7055 2
7056 2
7057 2
7058 2
7059 2
7060 2
7061 2
7062 2
7063 2
7064 2
7065 2
7066 2
7067 2
7068 2
7069 2
7070 2
7071 2
7072 4
7073 4
7074 4
7075 4
7076 4
7077 4
7078 4
7079 4
7080 4
7081 4
7082 4
7083 4
7084 4
7085 4
7086 4
7087 4
7088 4
7089 4
7090 4
7091 4
7092 4
7093 4
7094 0
7095 0
7096 0
7097 0
7098 0
7099 0
7100 0
7101 0
7102 0
7103 0
7104 0
7105 0
7106 0
7107 0
7108 0
7109 0
7110 0
7111 0
7112 0
7113 0
7114 0
7115 0
7116 0
7117 0
7118 0
7119 0
7120 0
7121 0
7122 0
7123 0
7124 0
7125 0
7126 0
7127 0
7128 0
7129 0
7130 0
7131 0
7132 0
7133 0
7134 0
7135 0
7136 0
7137 0
7138 0
7139 0
7140 0
7141 0
7142 0
7143 0
7144 0
7145 0
7146 0
7147 0
7148 0
7149 0
7150 0
7151 0
7152 0
7153 0
7154 0
7155 0
7156 0
7157 0
7158 0
7159 0
7160 0
7161 0
7162 0
7163 0
7164 0
7165 0
7166 0
7167 0
7168 0
7169 0
7170 0
7171 0
7172 0
7173 0
7174 0
7175 0
7176 0
7177 0
7178 0
7179 0
7180 0
7181 0
7182 0
7183 0
7184 0
7185 0
7186 0
7187 0
7188 0
7189 0
7190 0
7191 0
7192 0
7193 0
7194 0
7195 0
7196 0
7197 0
7198 0
7199 0
7200 0
7201 0
7202 0
7203 0
7204 0
7205 0
7206 0
7207 0
7208 0
7209 0
7210 0
7211 0
7212 0
7213 0
7214 0
7215 0
7216 0
7217 0
7218 0
7219 0
7220 0
7221 0
7222 0
7223 4
7224 4
7225 4
7226 4
7227 4
7228 4
7229 4
7230 4
7231 4
7232 4
7233 4
7234 4
7235 4
7236 4
7237 4
7238 4
7239 0
7240 4
7241 0
7242 0
7243 0
7244 0
7245 0
7246 0
7247 0
7248 0
7249 0
7250 0
7251 0
7252 0
7253 0
7254 0
7255 0
7256 0
7257 0
7258 0
7259 0
7260 0
7261 0
7262 4
7263 4
7264 4
7265 4
7266 4
7267 4
7268 4
7269 4
7270 4
7271 4
7272 4
7273 4
7274 4
7275 2
7276 2
7277 2
7278 2
7279 2
7280 2
7281 2
7282 2
7283 2
7284 2
7285 2
7286 2
7287 2
7288 2
7289 2
7290 2
7291 2
7292 2
7293 2
7294 2
7295 2
7296 2
7297 2
7298 2
7299 2
7300 2
7301 2
7302 2
7303 2
7304 2
7305 2
7306 2
7307 2
7308 3
7309 3
7310 3
7311 3
7312 3
7313 3
7314 3
7315 3
7316 3
7317 3
7318 3
7319 3
7320 3
7321 3
7322 3
7323 3
7324 3
7325 3
7326 3
7327 3
7328 3
7329 3
7330 3
7331 3
7332 3
7333 3
7334 3
7335 3
7336 3
7337 3
7338 3
7339 3
7340 3
7341 3
7342 3
7343 3
7344 3
7345 3
7346 3
7347 3
7348 3
7349 3
7350 3
7351 3
7352 3
7353 3
7354 3
7355 3
7356 3
7357 3
7358 3
7359 3
7360 3
7361 3
7362 3
7363 3
7364 3
7365 4
7366 4
7367 4
7368 4
7369 4
7370 4
7371 4
7372 4
7373 4
7374 4
7375 4
7376 4
7377 4
7378 4
7379 4
7380 4
7381 4
7382 4
7383 4
7384 4
7385 4
7386 4
7387 4
7388 4
7389 4
7390 4
7391 4
7392 4
7393 4
7394 4
7395 4
7396 4
7397 4
7398 4
7399 4
7400 4
7401 4
7402 4
7403 4
7404 4
7405 4
7406 4
7407 4
7408 4
7409 4
7410 4
7411 4
7412 4
7413 4
7414 4
7415 4
7416 4
7417 4
7418 4
7419 4
7420 4
7421 4
7422 4
7423 4
7424 4
7425 4
7426 4
7427 4
7428 4
7429 4
7430 4
7431 4
7432 4
7433 4
7434 4
7435 4
7436 4
7437 4
7438 4
7439 4
7440 4
7441 4
7442 4
7443 4
7444 4
7445 4
7446 4
7447 4
7448 4
7449 4
7450 4
7451 4
7452 4
7453 4
7454 4
7455 4
7456 4
7457 2
7458 2
7459 2
7460 2
7461 2
7462 2
7463 2
7464 2
7465 2
7466 2
7467 2
7468 2
7469 2
7470 2
7471 2
7472 2
7473 2
7474 2
7475 2
7476 2
7477 2
7478 2
7479 2
7480 2
7481 2
7482 2
7483 2
7484 2
7485 2
7486 2
7487 4
7488 4
7489 4
7490 4
7491 4
7492 4
7493 4
7494 2
7495 2
7496 2
7497 2
7498 2
7499 2
7500 1
7501 1
7502 1
7503 1
7504 1
7505 1
7506 1
7507 1
7508 1
7509 1
7510 1
7511 0
7512 0
7513 0
7514 0
7515 0
7516 0
7517 0
7518 0
7519 0
7520 0
7521 0
7522 0
7523 0
7524 0
7525 0
7526 0
7527 0
7528 0
7529 0
7530 0
7531 0
7532 0
7533 0
7534 0
7535 0
7536 0
7537 0
7538 0
7539 0
7540 0
7541 0
7542 0
7543 0
7544 0
7545 0
7546 0
7547 0
7548 0
7549 0
7550 0
7551 0
7552 0
7553 0
7554 0
7555 0
7556 0
7557 0
7558 0
7559 0
7560 0
7561 0
7562 0
7563 0
7564 0
7565 0
7566 0
7567 0
7568 0
7569 0
7570 0
7571 0
7572 0
7573 0
7574 0
7575 0
7576 0
7577 0
7578 0
7579 0
7580 0
7581 0
7582 0
7583 0
7584 0
7585 0
7586 0
7587 0
7588 0
7589 0
7590 5
7591 5
7592 5
7593 5
7594 5
7595 5
7596 5
7597 5
7598 5
7599 5
7600 5
7601 4
7602 4
7603 4
7604 4
7605 4
7606 4
7607 4
7608 4
7609 4
7610 4
7611 4
7612 4
7613 4
7614 4
7615 4
7616 4
7617 4
7618 4
7619 4
7620 4
7621 4
7622 4
7623 4
7624 4
7625 4
7626 4
7627 4
7628 4
7629 4
7630 4
7631 4
7632 4
7633 4
7634 4
7635 4
7636 4
7637 4
7638 4
7639 4
7640 4
7641 4
7642 4
7643 4
7644 4
7645 4
7646 4
7647 4
7648 4
7649 4
7650 4
7651 4
7652 4
7653 4
7654 4
7655 4
7656 4
7657 4
7658 4
7659 4
7660 4
7661 4
7662 4
7663 4
7664 4
7665 4
7666 4
7667 4
7668 4
7669 4
7670 4
7671 4
7672 4
7673 4
7674 4
7675 4
7676 4
7677 4
7678 4
7679 4
7680 4
7681 4
7682 4
7683 4
7684 4
7685 4
7686 4
7687 2
7688 2
7689 4
7690 4
7691 4
7692 4
7693 4
7694 4
7695 4
7696 4
7697 4
7698 4
7699 4
7700 4
7701 4
7702 4
7703 4
7704 4
7705 4
7706 4
7707 4
7708 4
7709 4
7710 4
7711 4
7712 4
7713 4
7714 4
7715 4
7716 4
7717 4
7718 4
7719 4
7720 4
7721 4
7722 4
7723 4
7724 4
7725 0
7726 4
7727 0
7728 0
7729 0
7730 0
7731 5
7732 5
7733 5
7734 0
7735 5
7736 5
7737 5
7738 5
7739 5
7740 5
7741 5
7742 5
7743 5
7744 5
7745 5
7746 5
7747 5
7748 5
7749 5
7750 5
7751 5
7752 5
7753 5
7754 5
7755 5
7756 5
7757 5
7758 5
7759 5
7760 5
7761 5
7762 5
7763 5
7764 5
7765 5
7766 5
7767 5
7768 5
7769 5
7770 5
7771 5
7772 5
7773 5
7774 5
7775 5
7776 5
7777 5
7778 5
7779 5
7780 5
7781 5
7782 5
7783 5
7784 5
7785 5
7786 5
7787 5
7788 5
7789 5
7790 5
7791 5
7792 5
7793 5
7794 5
7795 5
7796 5
7797 5
7798 5
7799 5
7800 5
7801 5
7802 5
7803 5
7804 5
7805 5
7806 5
7807 5
7808 5
7809 5
7810 5
7811 5
7812 5
7813 5
7814 5
7815 5
7816 5
7817 5
7818 5
7819 5
7820 5
7821 5
7822 3
7823 3
7824 3
7825 3
7826 3
7827 3
7828 3
7829 3
7830 3
7831 3
7832 3
7833 3
7834 3
7835 3
7836 3
7837 3
7838 3
7839 3
7840 3
7841 3
7842 3
7843 3
7844 3
7845 3
7846 3
7847 3
7848 3
7849 3
7850 3
7851 3
7852 3
7853 3
7854 3
7855 3
7856 3
7857 3
7858 3
7859 3
7860 3
7861 3
7862 3
7863 3
7864 3
7865 3
7866 3
7867 3
7868 3
7869 3
7870 3
7871 3
7872 3
7873 3
7874 3
7875 3
7876 3
7877 3
7878 3
7879 3
7880 3
7881 3
7882 3
7883 3
7884 3
7885 3
7886 3
7887 3
7888 3
7889 3
7890 3
7891 3
7892 3
7893 3
7894 3
7895 3
7896 3
7897 3
7898 3
7899 3
7900 3
7901 3
7902 3
7903 3
7904 3
7905 3
7906 3
7907 3
7908 3
7909 4
7910 4
7911 4
7912 4
7913 4
7914 4
7915 4
7916 4
7917 4
7918 4
7919 4
7920 4
7921 4
7922 4
7923 4
7924 4
7925 4
7926 4
7927 4
7928 4
7929 4
7930 5
7931 5
7932 5
7933 5
7934 5
7935 5
7936 5
7937 5
7938 5
7939 5
7940 5
7941 5
7942 5
7943 5
7944 5
7945 3
7946 3
7947 3
7948 3
7949 3
7950 3
7951 3
7952 3
7953 3
7954 3
7955 3
7956 3
7957 3
7958 3
7959 3
7960 3
7961 3
7962 4
7963 0
7964 0
7965 0
7966 0
7967 0
7968 0
7969 0
7970 0
7971 0
7972 0
7973 0
7974 0
7975 0
7976 0
7977 0
7978 0
7979 0
7980 0
7981 0
7982 0
7983 0
7984 0
7985 0
7986 0
7987 0
7988 0
7989 0
7990 0
7991 0
7992 0
7993 0
7994 0
7995 0
7996 0
7997 0
7998 0
7999 0
8000 0
8001 0
8002 0
8003 0
8004 0
8005 0
8006 0
8007 0
8008 0
8009 0
8010 0
8011 0
8012 0
8013 0
8014 0
8015 0
8016 0
8017 5
8018 5
8019 5
8020 5
8021 5
8022 5
8023 5
8024 5
8025 5
8026 5
8027 5
8028 5
8029 5
8030 5
8031 5
8032 5
8033 5
8034 5
8035 5
8036 5
8037 5
8038 5
8039 5
8040 5
8041 5
8042 5
8043 5
8044 5
8045 5
8046 5
8047 5
8048 5
8049 5
8050 5
8051 5
8052 5
8053 5
8054 5
8055 5
8056 5
8057 5
8058 5
8059 5
8060 5
8061 5
8062 5
8063 5
8064 5
8065 5
8066 5
8067 5
8068 3
8069 3
8070 3
8071 3
8072 3
8073 3
8074 3
8075 3
8076 3
8077 3
8078 3
8079 3
8080 3
8081 3
8082 3
8083 3
8084 3
8085 3
8086 3
8087 3
8088 3
8089 3
8090 3
8091 3
8092 3
8093 3
8094 3
8095 3
8096 3
8097 3
8098 3
8099 3
8100 3
8101 3
8102 3
8103 3
8104 3
8105 3
8106 3
8107 3
8108 3
8109 3
8110 3
8111 3
8112 3
8113 3
8114 3
8115 3
8116 3
8117 3
8118 3
8119 3
8120 3
8121 3
8122 3
8123 3
8124 3
8125 3
8126 3
8127 3
8128 3
8129 3
8130 3
8131 3
8132 3
8133 3
8134 3
8135 3
8136 3
8137 3
8138 3
8139 3
8140 3
8141 3
8142 3
8143 4
8144 4
8145 4
8146 4
8147 4
8148 4
8149 4
8150 4
8151 4
8152 4
8153 4
8154 4
8155 4
8156 4
8157 4
8158 4
8159 4
8160 4
8161 4
8162 4
8163 4
8164 4
8165 4
8166 4
8167 4
8168 4
8169 4
8170 4
8171 4
8172 4
8173 4
8174 4
8175 4
8176 4
8177 4
8178 4
8179 4
8180 4
8181 4
8182 4
8183 4
8184 4
8185 4
8186 4
8187 4
8188 4
8189 4
8190 4
8191 4
8192 4
8193 4
8194 4
8195 4
8196 4
8197 4
8198 4
8199 4
8200 4
8201 4
8202 4
8203 4
8204 4
8205 4
8206 4
8207 4
8208 4
8209 3
8210 3
8211 3
8212 3
8213 3
8214 3
8215 3
8216 3
8217 3
8218 3
8219 3
8220 3
8221 3
8222 3
8223 3
8224 3
8225 3
8226 3
8227 3
8228 3
8229 3
8230 3
8231 3
8232 3
8233 3
8234 3
8235 3
8236 3
8237 3
8238 3
8239 3
8240 3
8241 3
8242 3
8243 3
8244 3
8245 3
8246 3
8247 3
8248 3
8249 3
8250 3
8251 3
8252 3
8253 3
8254 3
8255 3
8256 3
8257 3
8258 3
8259 3
8260 3
8261 3
8262 3
8263 3
8264 3
8265 3
8266 4
8267 4
8268 4
8269 4
8270 4
8271 4
8272 4
8273 4
8274 4
8275 4
8276 4
8277 4
8278 4
8279 4
8280 4
8281 4
8282 4
8283 4
8284 4
8285 4
8286 4
8287 4
8288 4
8289 4
8290 4
8291 4
8292 4
8293 4
8294 4
8295 4
8296 4
8297 4
8298 4
8299 4
8300 4
8301 4
8302 4
8303 4
8304 4
8305 4
8306 4
8307 4
8308 4
8309 4
8310 4
8311 4
8312 4
8313 4
8314 4
8315 4
8316 4
8317 4
8318 4
8319 5
8320 5
8321 5
8322 5
8323 5
8324 5
8325 5
8326 5
8327 5
8328 5
8329 5
8330 5
8331 5
8332 5
8333 5
8334 5
8335 5
8336 5
8337 5
8338 5
8339 5
8340 5
8341 5
8342 5
8343 5
8344 5
8345 5
8346 5
8347 5
8348 5
8349 5
8350 5
8351 5
8352 5
8353 5
8354 5
8355 5
8356 5
8357 5
8358 5
8359 5
8360 5
8361 5
8362 5
8363 5
8364 3
8365 3
8366 3
8367 3
8368 3
8369 3
8370 3
8371 3
8372 3
8373 3
8374 3
8375 3
8376 3
8377 3
8378 3
8379 3
8380 3
8381 3
8382 3
8383 3
8384 3
8385 3
8386 3
8387 3
8388 3
8389 3
8390 3
8391 3
8392 3
8393 3
8394 3
8395 3
8396 3
8397 3
8398 3
8399 3
8400 3
8401 3
8402 3
8403 3
8404 3
8405 3
8406 3
8407 3
8408 3
8409 3
8410 3
8411 3
8412 3
8413 3
8414 3
8415 3
8416 3
8417 3
8418 3
8419 3
8420 3
8421 3
8422 3
8423 3
8424 3
8425 3
8426 3
8427 3
8428 4
8429 4
8430 4
8431 4
8432 4
8433 4
8434 4
8435 4
8436 4
8437 4
8438 4
8439 4
8440 4
8441 4
8442 4
8443 4
8444 4
8445 4
8446 4
8447 4
8448 4
8449 4
8450 4
8451 4
8452 4
8453 4
8454 4
8455 4
8456 4
8457 4
8458 4
8459 4
8460 4
8461 4
8462 4
8463 4
8464 0
8465 4
8466 4
8467 4
8468 4
8469 4
8470 4
8471 4
8472 4
8473 4
8474 4
8475 4
8476 4
8477 4
8478 4
8479 4
8480 4
8481 4
8482 4
8483 4
8484 4
8485 4
8486 4
8487 0
8488 0
8489 0
8490 0
8491 0
8492 0
8493 0
8494 0
8495 0
8496 0
8497 0
8498 0
8499 0
8500 0
8501 0
8502 0
8503 0
8504 0
8505 0
8506 0
8507 0
8508 0
8509 0
8510 0
8511 0
8512 0
8513 0
8514 0
8515 0
8516 0
8517 0
8518 0
8519 0
8520 0
8521 0
8522 0
8523 0
8524 0
8525 0
8526 0
8527 0
8528 0
8529 0
8530 0
8531 0
8532 0
8533 0
8534 0
8535 0
8536 0
8537 0
8538 0
8539 0
8540 0
8541 0
8542 4
8543 4
8544 4
8545 4
8546 4
8547 4
8548 4
8549 4
8550 4
8551 4
8552 4
8553 4
8554 4
8555 4
8556 4
8557 4
8558 4
8559 4
8560 4
8561 4
8562 4
8563 4
8564 4
8565 4
8566 4
8567 0
8568 0
8569 0
8570 0
8571 0
8572 0
8573 0
8574 0
8575 0
8576 0
8577 0
8578 0
8579 0
8580 0
8581 0
8582 0
8583 0
8584 0
8585 0
8586 0
8587 0
8588 0
8589 0
8590 0
8591 0
8592 0
8593 0
8594 0
8595 0
8596 0
8597 0
8598 0
8599 0
8600 0
8601 0
8602 0
8603 0
8604 0
8605 0
8606 0
8607 0
8608 0
8609 0
8610 0
8611 0
8612 0
8613 0
8614 5
8615 5
8616 5
8617 5
8618 5
8619 5
8620 5
8621 5
8622 5
8623 5
8624 5
8625 5
8626 5
8627 5
8628 5
8629 5
8630 5
8631 5
8632 5
8633 5
8634 5
8635 5
8636 5
8637 5
8638 5
8639 5
8640 5
8641 3
8642 3
8643 3
8644 3
8645 3
8646 3
8647 3
8648 3
8649 3
8650 3
8651 3
8652 3
8653 3
8654 3
8655 3
8656 3
8657 3
8658 3
8659 3
8660 3
8661 3
8662 3
8663 3
8664 3
8665 3
8666 3
8667 3
8668 3
8669 3
8670 3
8671 3
8672 3
8673 3
8674 3
8675 3
8676 3
8677 3
8678 3
8679 3
8680 3
8681 3
8682 3
8683 3
8684 3
8685 3
8686 5
8687 3
8688 5
8689 5
8690 4
8691 5
8692 4
8693 4
8694 4
8695 4
8696 4
8697 4
8698 4
8699 4
8700 4
8701 4
8702 4
8703 4
8704 4
8705 4
8706 4
8707 4
8708 4
8709 4
8710 4
8711 4
8712 4
8713 4
8714 0
8715 0
8716 0
8717 0
8718 0
8719 0
8720 0
8721 0
8722 0
8723 0
8724 0
8725 0
8726 0
8727 0
8728 0
8729 0
8730 0
8731 0
8732 0
8733 0
8734 0
8735 5
8736 5
8737 5
8738 5
8739 5
8740 5
8741 5
8742 5
8743 3
8744 3
8745 3
8746 3
8747 3
8748 3
8749 3
8750 3
8751 3
8752 3
8753 3
8754 3
8755 3
8756 3
8757 3
8758 3
8759 3
8760 3
8761 3
8762 3
8763 3
8764 3
8765 3
8766 3
8767 3
8768 3
8769 3
8770 3
8771 3
8772 3
8773 3
8774 3
8775 3
8776 3
8777 3
8778 3
8779 3
8780 3
8781 3
8782 3
8783 3
8784 3
8785 5
8786 5
8787 5
8788 5
8789 5
8790 5
8791 5
8792 5
8793 5
8794 4
8795 4
8796 4
8797 4
8798 4
8799 4
8800 4
8801 4
8802 5
8803 4
8804 4
8805 4
8806 4
8807 4
8808 4
8809 4
8810 4
8811 4
8812 4
8813 4
8814 4
8815 4
8816 0
8817 0
8818 0
8819 0
8820 0
8821 0
8822 0
8823 0
8824 0
8825 0
8826 0
8827 0
8828 0
8829 0
8830 0
8831 0
8832 5
8833 5
8834 5
8835 5
8836 5
8837 5
8838 5
8839 5
8840 5
8841 5
8842 5
8843 5
8844 5
8845 5
8846 5
8847 5
8848 5
8849 5
8850 5
8851 5
8852 5
8853 5
8854 5
8855 5
8856 5
8857 5
8858 5
8859 5
8860 5
8861 5
8862 5
8863 5
8864 5
8865 5
8866 5
8867 5
8868 5
8869 5
8870 5
8871 5
8872 5
8873 5
8874 5
8875 5
8876 5
8877 5
8878 5
8879 5
8880 5
8881 5
8882 5
8883 5
8884 5
8885 5
8886 5
8887 5
8888 5
8889 5
8890 5
8891 5
8892 5
8893 5
8894 5
8895 5
8896 5
8897 5
8898 5
8899 5
8900 5
8901 5
8902 5
8903 5
8904 5
8905 5
8906 5
8907 5
8908 5
8909 5
8910 5
8911 5
8912 5
8913 5
8914 5
8915 5
8916 5
8917 3
8918 3
8919 3
8920 3
8921 3
8922 3
8923 3
8924 3
8925 3
8926 3
8927 3
8928 3
8929 3
8930 3
8931 3
8932 3
8933 3
8934 3
8935 3
8936 3
8937 3
8938 3
8939 3
8940 3
8941 3
8942 3
8943 3
8944 3
8945 3
8946 3
8947 3
8948 3
8949 3
8950 3
8951 3
8952 3
8953 3
8954 3
8955 3
8956 3
8957 3
8958 3
8959 3
8960 3
8961 3
8962 3
8963 3
8964 3
8965 3
8966 3
8967 3
8968 3
8969 3
8970 5
8971 5
8972 5
8973 5
8974 5
8975 5
8976 5
8977 5
8978 5
8979 5
8980 5
8981 5
8982 4
8983 5
8984 5
8985 5
8986 5
8987 4
8988 4
8989 4
8990 4
8991 5
8992 4
8993 4
8994 4
8995 5
8996 5
8997 4
8998 0
8999 0
9000 0
9001 0
9002 0
9003 0
9004 0
9005 0
9006 0
9007 0
9008 0
9009 0
9010 0
9011 0
9012 0
9013 0
9014 5
9015 5
9016 5
9017 5
9018 5
9019 5
9020 5
9021 5
9022 5
9023 5
9024 5
9025 5
9026 5
9027 5
9028 5
9029 5
9030 5
9031 5
9032 5
9033 5
9034 5
9035 5
9036 5
9037 5
9038 5
9039 5
9040 5
9041 5
9042 5
9043 5
9044 5
9045 5
9046 5
9047 5
9048 5
9049 5
9050 5
9051 5
9052 5
9053 5
9054 5
9055 5
9056 5
9057 5
9058 5
9059 5
9060 5
9061 5
9062 5
9063 5
9064 5
9065 5
9066 5
9067 5
9068 5
9069 5
9070 5
9071 5
9072 5
9073 5
9074 5
9075 5
9076 5
9077 5
9078 5
9079 5
9080 5
9081 5
9082 3
9083 3
9084 3
9085 3
9086 3
9087 3
9088 3
9089 3
9090 3
9091 3
9092 3
9093 3
9094 4
9095 3
9096 3
9097 3
9098 3
9099 3
9100 3
9101 3
9102 3
9103 3
9104 3
9105 3
9106 3
9107 3
9108 3
9109 3
9110 3
9111 3
9112 3
9113 3
9114 3
9115 3
9116 3
9117 3
9118 3
9119 3
9120 3
9121 3
9122 3
9123 3
9124 3
9125 3
9126 3
9127 3
9128 3
9129 3
9130 3
9131 3
9132 3
9133 3
9134 3
9135 3
9136 3
9137 3
9138 3
9139 3
9140 3
9141 5
9142 5
9143 5
9144 5
9145 5
9146 5
9147 5
9148 5
9149 5
9150 5
9151 5
9152 5
9153 5
9154 5
9155 5
9156 5
9157 5
9158 5
9159 5
9160 5
9161 5
9162 5
9163 5
9164 5
9165 5
9166 5
9167 5
9168 5
9169 5
9170 0
9171 0
9172 0
9173 0
9174 0
9175 0
9176 0
9177 5
9178 5
9179 5
9180 5
9181 5
9182 5
9183 5
9184 5
9185 5
9186 5
9187 5
9188 5
9189 5
9190 5
9191 5
9192 5
9193 5
9194 5
9195 5
9196 5
9197 5
9198 5
9199 5
9200 5
9201 5
9202 5
9203 5
9204 5
9205 5
9206 5
9207 5
9208 5
9209 5
9210 5
9211 5
9212 5
9213 5
9214 5
9215 5
9216 5
9217 5
9218 5
9219 5
9220 5
9221 5
9222 5
9223 5
9224 5
9225 5
9226 5
9227 5
9228 5
9229 5
9230 5
9231 3
9232 3
9233 3
9234 3
9235 3
9236 3
9237 3
9238 3
9239 3
9240 3
9241 3
9242 3
9243 3
9244 3
9245 3
9246 3
9247 3
9248 3
9249 3
9250 3
9251 3
9252 3
9253 3
9254 3
9255 3
9256 3
9257 3
9258 3
9259 3
9260 3
9261 3
9262 3
9263 3
9264 3
9265 3
9266 3
9267 3
9268 5
9269 5
9270 5
9271 5
9272 5
9273 5
9274 5
9275 5
9276 5
9277 5
9278 5
9279 5
9280 5
9281 5
9282 5
9283 5
9284 5
9285 5
9286 5
9287 5
9288 5
9289 5
9290 5
9291 5
9292 5
9293 5
9294 5
9295 5
9296 5
9297 5
9298 5
9299 5
9300 5
9301 5
9302 5
9303 5
9304 5
9305 5
9306 5
9307 5
9308 5
9309 5
9310 5
9311 5
9312 5
9313 5
9314 5
9315 5
9316 5
9317 5
9318 5
9319 5
9320 5
9321 5
9322 5
9323 5
9324 5
9325 5
9326 5
9327 5
9328 5
9329 5
9330 5
9331 5
9332 5
9333 5
9334 5
9335 3
9336 3
9337 3
9338 3
9339 3
9340 3
9341 3
9342 3
9343 3
9344 3
9345 3
9346 3
9347 3
9348 3
9349 3
9350 3
9351 3
9352 3
9353 3
9354 3
9355 3
9356 3
9357 3
9358 3
9359 3
9360 3
9361 3
9362 3
9363 3
9364 3
9365 3
9366 3
9367 3
9368 3
9369 3
9370 3
9371 3
9372 3
9373 3
9374 3
9375 5
9376 5
9377 5
9378 5
9379 5
9380 5
9381 5
9382 5
9383 5
9384 5
9385 5
9386 5
9387 5
9388 5
9389 5
9390 5
9391 5
9392 5
9393 5
9394 5
9395 5
9396 5
9397 5
9398 5
9399 5
9400 5
9401 5
9402 5
9403 5
9404 5
9405 5
9406 5
9407 5
9408 5
9409 5
9410 5
9411 5
9412 5
9413 5
9414 5
9415 5
9416 5
9417 5
9418 5
9419 5
9420 5
9421 5
9422 5
9423 5
9424 5
9425 5
9426 5
9427 5
9428 5
9429 5
9430 5
9431 5
9432 5
9433 5
9434 5
9435 5
9436 5
9437 5
9438 5
9439 5
9440 5
9441 5
9442 5
9443 5
9444 5
9445 5
9446 5
9447 3
9448 3
9449 3
9450 3
9451 3
9452 3
9453 3
9454 3
9455 3
9456 3
9457 3
9458 3
9459 3
9460 3
9461 3
9462 3
9463 3
9464 3
9465 3
9466 3
9467 3
9468 3
9469 3
9470 3
9471 3
9472 3
9473 3
9474 3
9475 3
9476 3
9477 3
9478 3
9479 3
9480 5
9481 5
9482 5
9483 5
9484 5
9485 5
9486 5
9487 5
9488 5
9489 5
9490 5
9491 5
9492 5
9493 5
9494 5
9495 5
9496 5
9497 5
9498 5
9499 5
9500 5
9501 5
9502 5
9503 5
9504 5
9505 5
9506 5
9507 5
9508 5
9509 5
9510 5
9511 5
9512 5
9513 5
9514 5
9515 5
9516 5
9517 5
9518 5
9519 5
9520 5
9521 5
9522 5
9523 5
9524 5
9525 5
9526 5
9527 5
9528 5
9529 5
9530 5
9531 5
9532 5
9533 5
9534 5
9535 3
9536 3
9537 3
9538 3
9539 3
9540 3
9541 3
9542 3
9543 3
9544 3
9545 3
9546 3
9547 3
9548 3
9549 3
9550 3
9551 3
9552 3
9553 3
9554 3
9555 3
9556 3
9557 3
9558 3
9559 3
9560 3
9561 3
9562 5
9563 5
9564 5
9565 5
9566 5
9567 5
9568 5
9569 5
9570 5
9571 5
9572 5
9573 5
9574 5
9575 5
9576 5
9577 5
9578 5
9579 5
9580 5
9581 5
9582 5
9583 5
9584 5
9585 5
9586 5
9587 5
9588 5
9589 5
9590 5
9591 5
9592 5
9593 5
9594 5
9595 5
9596 5
9597 5
9598 5
9599 5
9600 3
9601 3
9602 3
9603 3
9604 3
9605 3
9606 3
9607 3
9608 3
9609 3
9610 3
9611 3
9612 3
9613 3
9614 3
9615 3
9616 3
9617 3
9618 3
9619 3
9620 3
9621 5
9622 5
9623 5
9624 5
9625 5
9626 5
9627 5
9628 5
9629 5
9630 5
9631 5
9632 5
9633 5
9634 5
9635 5
9636 5
9637 5
9638 5
9639 5
9640 5
9641 5
9642 5
9643 5
9644 5
9645 5
9646 5
9647 5
9648 5
9649 3
9650 3
9651 3
9652 3
9653 3
9654 3
9655 3
9656 3
9657 3
9658 5
9659 5
9660 5
9661 5
9662 5
9663 5
9664 5
9665 5
9666 5
9667 5
9668 3
9669 3
9670 0
9671 1
9672 1
9673 1
9674 1
9675 1
9676 1
9677 1
9678 1
9679 1
9680 1
9681 0
9682 0
9683 1
9684 1
9685 0
9686 0
9687 0
9688 0
9689 0
9690 0
9691 0
9692 1
9693 1
9694 2
9695 2
9696 2
9697 2
9698 2
9699 2
9700 2
9701 2
9702 2
9703 2
9704 1
9705 1
9706 1
9707 1
9708 1
9709 1
9710 1
9711 1
9712 1
9713 1
9714 1
9715 1
9716 1
9717 1
9718 1
9719 1
9720 1
9721 0
9722 0
9723 0
9724 0
9725 1
9726 1
9727 1
9728 1
9729 1
9730 1
9731 1
9732 1
9733 1
9734 1
9735 1
9736 1
9737 2
9738 0
9739 1
9740 1
9741 1
9742 1
9743 1
9744 1
9745 0
9746 0
9747 1
9748 1
9749 1
9750 0
9751 3
9752 1
9753 1
9754 1
9755 1
9756 1
9757 1
9758 1
9759 1
9760 1
9761 0
9762 0
9763 4
9764 4
9765 4
9766 5
9767 4
9768 1
9769 1
9770 1
9771 1
9772 1
9773 1
9774 1
9775 0
9776 1
9777 0
9778 1
9779 1
9780 1
9781 1
9782 0
9783 0
9784 0
9785 0
9786 0
9787 0
9788 0
9789 0
9790 4
9791 5
9792 0
9793 1
9794 1
9795 2
9796 0
9797 0
9798 0
9799 0
9800 1
