0 1
1 1
2 2
3 0
4 3
5 4
6 1
7 1
8 1
9 1
10 1
11 1
12 1
13 1
14 1
15 1
16 1
17 1
18 1
19 1
20 1
21 1
22 1
23 1
24 1
25 1
26 1
27 1
28 1
29 1
30 1
31 1
32 1
33 1
34 1
35 1
36 1
37 1
38 1
39 1
40 1
41 1
42 1
43 1
44 1
45 1
46 1
47 1
48 1
49 1
50 1
51 1
52 1
53 1
54 1
55 2
56 2
57 2
58 2
59 2
60 2
61 2
62 2
63 2
64 2
65 2
66 2
67 2
68 2
69 2
70 2
71 2
72 2
73 2
74 2
75 2
76 2
77 2
78 2
79 2
80 2
81 2
82 2
83 2
84 2
85 2
86 2
87 2
88 2
89 2
90 2
91 2
92 2
93 2
94 2
95 2
96 0
97 0
98 0
99 0
100 0
101 0
102 0
103 0
104 0
105 0
106 0
107 0
108 0
109 0
110 0
111 0
112 0
113 0
114 0
115 0
116 0
117 0
118 0
119 0
120 0
121 0
122 0
123 0
124 0
125 0
126 0
127 0
128 0
129 0
130 0
131 0
132 0
133 0
134 0
135 0
136 0
137 0
138 0
139 0
140 0
141 0
142 0
143 0
144 0
145 0
146 0
147 0
148 0
149 0
150 0
151 0
152 0
153 0
154 0
155 0
156 0
157 0
158 0
159 0
160 0
161 0
162 0
163 0
164 0
165 0
166 0
167 0
168 0
169 0
170 0
171 0
172 0
173 0
174 3
175 3
176 3
177 3
178 3
179 3
180 3
181 3
182 3
183 3
184 3
185 3
186 3
187 3
188 3
189 3
190 3
191 3
192 3
193 3
194 3
195 3
196 3
197 3
198 3
199 3
200 3
201 3
202 3
203 3
204 3
205 3
206 3
207 3
208 3
209 3
210 3
211 3
212 3
213 3
214 3
215 3
216 3
217 3
218 3
219 3
220 3
221 3
222 3
223 3
224 3
225 3
226 3
227 3
228 3
229 3
230 3
231 3
232 3
233 3
234 3
235 3
236 3
237 3
238 3
239 3
240 3
241 3
242 3
243 3
244 3
245 3
246 3
247 3
248 3
249 3
250 3
251 3
252 3
253 3
254 3
255 3
256 3
257 3
258 5
259 5
260 5
261 5
262 5
263 5
264 5
265 5
266 5
267 5
268 5
269 5
270 5
271 5
272 5
273 5
274 5
275 5
276 5
277 5
278 5
279 5
280 5
281 5
282 5
283 5
284 5
285 5
286 5
287 5
288 5
289 5
290 5
291 5
292 5
293 5
294 5
295 5
296 4
297 4
298 4
299 4
300 4
301 4
302 4
303 4
304 4
305 4
306 4
307 4
308 4
309 4
310 4
311 4
312 4
313 4
314 4
315 4
316 4
317 4
318 4
319 4
320 4
321 4
322 4
323 4
324 4
325 4
326 4
327 4
328 4
329 4
330 4
331 4
332 4
333 4
334 4
335 4
336 4
337 4
338 4
339 4
340 4
341 4
342 4
343 4
344 4
345 4
346 4
347 4
348 4
349 4
350 4
351 4
352 4
353 4
354 4
355 4
356 4
357 4
358 4
359 4
360 4
361 4
362 4
363 4
364 4
365 4
366 4
367 4
368 4
369 4
370 4
371 4
372 4
373 1
374 1
375 1
376 1
377 1
378 1
379 1
380 1
381 1
382 1
383 1
384 1
385 1
386 1
387 1
388 1
389 1
390 1
391 1
392 1
393 1
394 1
395 1
396 1
397 1
398 1
399 1
400 1
401 1
402 1
403 1
404 1
405 1
406 1
407 1
408 2
409 2
410 1
411 1
412 1
413 1
414 1
415 1
416 1
417 1
418 1
419 1
420 1
421 1
422 1
423 1
424 1
425 1
426 1
427 1
428 2
429 2
430 2
431 5
432 5
433 5
434 5
435 5
436 5
437 5
438 5
439 5
440 5
441 5
442 5
443 5
444 5
445 5
446 5
447 5
448 5
449 5
450 5
451 5
452 5
453 5
454 5
455 5
456 5
457 5
458 5
459 5
460 5
461 5
462 5
463 5
464 5
465 5
466 5
467 5
468 5
469 4
470 4
471 4
472 4
473 4
474 4
475 4
476 4
477 4
478 4
479 4
480 4
481 4
482 4
483 4
484 4
485 4
486 4
487 4
488 4
489 4
490 4
491 4
492 4
493 4
494 4
495 4
496 4
497 4
498 4
499 4
500 4
501 4
502 4
503 4
504 4
505 4
506 4
507 4
508 4
509 4
510 4
511 4
512 4
513 4
514 4
515 4
516 4
517 4
518 4
519 4
520 4
521 4
522 4
523 4
524 4
525 4
526 4
527 4
528 4
529 4
530 4
531 4
532 4
533 4
534 4
535 4
536 4
537 4
538 4
539 4
540 4
541 4
542 4
543 4
544 4
545 1
546 1
547 1
548 1
549 1
550 1
551 1
552 1
553 1
554 1
555 1
556 1
557 1
558 1
559 1
560 1
561 1
562 1
563 1
564 1
565 1
566 1
567 1
568 1
569 1
570 1
571 1
572 1
573 1
574 1
575 1
576 1
577 1
578 1
579 1
580 1
581 1
582 1
583 1
584 1
585 1
586 1
587 1
588 1
589 1
590 1
591 1
592 1
593 1
594 1
595 1
596 1
597 1
598 1
599 1
600 1
601 1
602 1
603 1
604 1
605 1
606 1
607 1
608 1
609 1
610 1
611 1
612 1
613 1
614 1
615 1
616 1
617 1
618 1
619 1
620 1
621 1
622 1
623 1
624 1
625 1
626 1
627 1
628 1
629 1
630 1
631 1
632 1
633 1
634 1
635 1
636 1
637 1
638 1
639 1
640 1
641 1
642 1
643 1
644 1
645 1
646 1
647 1
648 1
649 1
650 1
651 0
652 0
653 0
654 0
655 0
656 0
657 0
658 0
659 0
660 0
661 0
662 3
663 3
664 3
665 3
666 3
667 3
668 3
669 3
670 3
671 3
672 3
673 3
674 3
675 3
676 3
677 3
678 3
679 3
680 3
681 3
682 3
683 3
684 3
685 3
686 3
687 3
688 3
689 3
690 3
691 3
692 3
693 3
694 3
695 3
696 3
697 3
698 3
699 3
700 3
701 3
702 3
703 3
704 3
705 3
706 3
707 3
708 3
709 3
710 3
711 3
712 3
713 3
714 3
715 3
716 3
717 3
718 3
719 3
720 3
721 3
722 3
723 3
724 3
725 3
726 3
727 3
728 3
729 3
730 3
731 3
732 3
733 3
734 3
735 3
736 3
737 3
738 3
739 3
740 3
741 3
742 3
743 3
744 5
745 5
746 5
747 5
748 5
749 5
750 5
751 5
752 5
753 5
754 5
755 5
756 5
757 5
758 5
759 5
760 5
761 5
762 5
763 5
764 5
765 5
766 5
767 5
768 5
769 5
770 5
771 5
772 5
773 5
774 5
775 5
776 5
777 5
778 5
779 5
780 5
781 5
782 4
783 4
784 4
785 4
786 4
787 4
788 4
789 4
790 4
791 4
792 4
793 4
794 4
795 4
796 4
797 4
798 4
799 4
800 4
801 4
802 4
803 4
804 4
805 4
806 4
807 4
808 4
809 4
810 4
811 4
812 4
813 4
814 4
815 4
816 4
817 4
818 4
819 4
820 4
821 4
822 4
823 4
824 4
825 4
826 4
827 4
828 4
829 4
830 4
831 4
832 4
833 4
834 4
835 4
836 4
837 4
838 4
839 4
840 4
841 4
842 4
843 4
844 4
845 4
846 4
847 4
848 4
849 4
850 4
851 4
852 4
853 4
854 4
855 4
856 4
857 4
858 4
859 1
860 1
861 1
862 1
863 1
864 1
865 1
866 1
867 1
868 1
869 1
870 1
871 1
872 1
873 1
874 1
875 1
876 1
877 1
878 1
879 1
880 1
881 1
882 1
883 1
884 1
885 1
886 1
887 1
888 1
889 1
890 1
891 1
892 1
893 1
894 1
895 1
896 1
897 1
898 1
899 1
900 1
901 1
902 1
903 1
904 1
905 1
906 1
907 1
908 1
909 1
910 1
911 1
912 1
913 1
914 1
915 1
916 1
917 1
918 1
919 1
920 1
921 1
922 1
923 0
924 0
925 0
926 0
927 0
928 0
929 0
930 0
931 0
932 0
933 0
934 0
935 0
936 0
937 0
938 0
939 0
940 0
941 0
942 0
943 3
944 3
945 3
946 3
947 3
948 3
949 3
950 3
951 3
952 3
953 3
954 3
955 3
956 3
957 3
958 3
959 3
960 3
961 3
962 3
963 3
964 3
965 3
966 3
967 3
968 3
969 3
970 3
971 3
972 3
973 3
974 3
975 3
976 3
977 3
978 3
979 3
980 3
981 3
982 3
983 3
984 3
985 3
986 3
987 3
988 3
989 3
990 3
991 3
992 3
993 3
994 3
995 3
996 3
997 3
998 3
999 3
1000 3
1001 3
1002 3
1003 3
1004 3
1005 3
1006 3
1007 3
1008 3
1009 3
1010 3
1011 3
1012 3
1013 3
1014 3
1015 3
1016 3
1017 3
1018 3
1019 3
1020 3
1021 3
1022 3
1023 3
1024 3
1025 5
1026 5
1027 5
1028 5
1029 5
1030 5
1031 5
1032 5
1033 5
1034 5
1035 5
1036 5
1037 5
1038 5
1039 5
1040 5
1041 5
1042 5
1043 5
1044 5
1045 5
1046 5
1047 5
1048 5
1049 5
1050 5
1051 5
1052 5
1053 5
1054 5
1055 5
1056 5
1057 5
1058 5
1059 5
1060 5
1061 5
1062 5
1063 4
1064 4
1065 4
1066 4
1067 4
1068 4
1069 4
1070 4
1071 4
1072 4
1073 4
1074 4
1075 4
1076 4
1077 4
1078 4
1079 4
1080 4
1081 4
1082 4
1083 4
1084 4
1085 4
1086 4
1087 4
1088 4
1089 4
1090 4
1091 4
1092 4
1093 4
1094 4
1095 4
1096 4
1097 4
1098 4
1099 4
1100 4
1101 4
1102 4
1103 4
1104 4
1105 4
1106 4
1107 4
1108 4
1109 4
1110 4
1111 4
1112 4
1113 4
1114 4
1115 4
1116 4
1117 4
1118 4
1119 4
1120 4
1121 4
1122 4
1123 4
1124 4
1125 4
1126 4
1127 4
1128 4
1129 4
1130 4
1131 4
1132 4
1133 4
1134 4
1135 4
1136 4
1137 1
1138 1
1139 1
1140 1
1141 1
1142 1
1143 1
1144 1
1145 1
1146 1
1147 1
1148 1
1149 1
1150 1
1151 1
1152 4
1153 4
1154 4
1155 1
1156 1
1157 1
1158 1
1159 1
1160 2
1161 2
1162 2
1163 2
1164 1
1165 1
1166 1
1167 1
1168 1
1169 1
1170 1
1171 1
1172 1
1173 1
1174 2
1175 2
1176 2
1177 2
1178 2
1179 2
1180 2
1181 2
1182 2
1183 2
1184 2
1185 2
1186 2
1187 2
1188 2
1189 2
1190 2
1191 0
1192 0
1193 0
1194 0
1195 0
1196 0
1197 0
1198 0
1199 0
1200 0
1201 0
1202 0
1203 0
1204 0
1205 0
1206 0
1207 0
1208 0
1209 0
1210 0
1211 0
1212 0
1213 0
1214 0
1215 0
1216 0
1217 0
1218 0
1219 0
1220 0
1221 0
1222 0
1223 0
1224 0
1225 0
1226 0
1227 0
1228 0
1229 0
1230 0
1231 0
1232 0
1233 0
1234 0
1235 0
1236 0
1237 0
1238 0
1239 0
1240 0
1241 0
1242 0
1243 0
1244 0
1245 0
1246 0
1247 0
1248 0
1249 0
1250 0
1251 0
1252 0
1253 0
1254 0
1255 0
1256 0
1257 0
1258 0
1259 0
1260 0
1261 0
1262 0
1263 0
1264 0
1265 0
1266 0
1267 0
1268 0
1269 0
1270 3
1271 3
1272 3
1273 3
1274 3
1275 3
1276 3
1277 3
1278 3
1279 3
1280 3
1281 3
1282 3
1283 3
1284 3
1285 3
1286 3
1287 3
1288 3
1289 3
1290 3
1291 3
1292 3
1293 3
1294 3
1295 3
1296 3
1297 3
1298 3
1299 3
1300 3
1301 3
1302 3
1303 3
1304 3
1305 3
1306 3
1307 3
1308 3
1309 3
1310 3
1311 3
1312 3
1313 3
1314 3
1315 3
1316 3
1317 3
1318 3
1319 3
1320 3
1321 3
1322 3
1323 3
1324 3
1325 3
1326 3
1327 3
1328 3
1329 3
1330 3
1331 3
1332 3
1333 3
1334 3
1335 3
1336 3
1337 3
1338 3
1339 3
1340 3
1341 3
1342 3
1343 3
1344 3
1345 3
1346 3
1347 3
1348 3
1349 5
1350 5
1351 5
1352 5
1353 5
1354 5
1355 5
1356 5
1357 5
1358 5
1359 5
1360 5
1361 5
1362 5
1363 5
1364 5
1365 5
1366 5
1367 5
1368 5
1369 5
1370 5
1371 5
1372 5
1373 5
1374 5
1375 5
1376 5
1377 5
1378 5
1379 5
1380 5
1381 5
1382 5
1383 5
1384 5
1385 5
1386 5
1387 4
1388 4
1389 4
1390 4
1391 4
1392 4
1393 4
1394 4
1395 4
1396 4
1397 4
1398 4
1399 4
1400 4
1401 4
1402 4
1403 4
1404 4
1405 4
1406 4
1407 4
1408 4
1409 4
1410 4
1411 4
1412 4
1413 4
1414 4
1415 4
1416 4
1417 4
1418 4
1419 4
1420 4
1421 4
1422 4
1423 4
1424 4
1425 4
1426 4
1427 4
1428 4
1429 4
1430 4
1431 4
1432 4
1433 4
1434 4
1435 4
1436 4
1437 4
1438 4
1439 4
1440 4
1441 4
1442 4
1443 4
1444 4
1445 4
1446 4
1447 4
1448 4
1449 4
1450 4
1451 4
1452 4
1453 4
1454 4
1455 4
1456 4
1457 0
1458 0
1459 0
1460 0
1461 4
1462 4
1463 4
1464 4
1465 4
1466 4
1467 4
1468 4
1469 4
1470 4
1471 4
1472 4
1473 4
1474 2
1475 2
1476 2
1477 2
1478 2
1479 2
1480 2
1481 2
1482 2
1483 2
1484 2
1485 2
1486 2
1487 2
1488 2
1489 2
1490 4
1491 4
1492 1
1493 1
1494 1
1495 1
1496 1
1497 1
1498 1
1499 1
1500 0
1501 0
1502 2
1503 2
1504 2
1505 2
1506 1
1507 1
1508 1
1509 1
1510 1
1511 1
1512 1
1513 1
1514 1
1515 1
1516 1
1517 1
1518 1
1519 1
1520 1
1521 1
1522 1
1523 1
1524 1
1525 1
1526 1
1527 1
1528 1
1529 1
1530 1
1531 1
1532 1
1533 1
1534 1
1535 1
1536 1
1537 1
1538 1
1539 1
1540 1
1541 1
1542 1
1543 1
1544 1
1545 1
1546 0
1547 0
1548 0
1549 0
1550 0
1551 0
1552 0
1553 0
1554 0
1555 0
1556 0
1557 0
1558 0
1559 0
1560 0
1561 0
1562 1
1563 1
1564 1
1565 1
1566 1
1567 1
1568 1
1569 1
1570 1
1571 1
1572 1
1573 1
1574 1
1575 1
1576 1
1577 1
1578 1
1579 1
1580 1
1581 1
1582 1
1583 1
1584 1
1585 1
1586 1
1587 1
1588 1
1589 1
1590 1
1591 1
1592 1
1593 1
1594 1
1595 1
1596 1
1597 1
1598 1
1599 1
1600 1
1601 1
1602 1
1603 2
1604 2
1605 2
1606 2
1607 2
1608 2
1609 2
1610 2
1611 2
1612 2
1613 2
1614 2
1615 2
1616 2
1617 2
1618 2
1619 2
1620 2
1621 2
1622 2
1623 2
1624 2
1625 2
1626 2
1627 2
1628 2
1629 2
1630 2
1631 2
1632 2
1633 2
1634 2
1635 2
1636 2
1637 2
1638 2
1639 2
1640 2
1641 2
1642 2
1643 2
1644 2
1645 2
1646 2
1647 2
1648 2
1649 2
1650 2
1651 2
1652 2
1653 2
1654 2
1655 2
1656 2
1657 2
1658 2
1659 2
1660 2
1661 2
1662 2
1663 0
1664 2
1665 0
1666 0
1667 0
1668 0
1669 0
1670 0
1671 0
1672 0
1673 0
1674 0
1675 0
1676 0
1677 0
1678 0
1679 0
1680 0
1681 0
1682 0
1683 0
1684 0
1685 0
1686 0
1687 0
1688 0
1689 0
1690 0
1691 0
1692 0
1693 0
1694 0
1695 0
1696 0
1697 0
1698 0
1699 0
1700 0
1701 0
1702 0
1703 0
1704 0
1705 0
1706 0
1707 0
1708 0
1709 0
1710 0
1711 0
1712 0
1713 0
1714 0
1715 0
1716 0
1717 0
1718 0
1719 0
1720 0
1721 0
1722 0
1723 0
1724 0
1725 0
1726 0
1727 0
1728 0
1729 0
1730 0
1731 0
1732 0
1733 0
1734 0
1735 0
1736 0
1737 0
1738 0
1739 0
1740 0
1741 0
1742 0
1743 0
1744 0
1745 0
1746 0
1747 0
1748 0
1749 0
1750 0
1751 0
1752 0
1753 0
1754 0
1755 0
1756 0
1757 0
1758 0
1759 0
1760 0
1761 0
1762 0
1763 0
1764 0
1765 0
1766 0
1767 0
1768 0
1769 3
1770 3
1771 3
1772 3
1773 3
1774 3
1775 3
1776 3
1777 3
1778 3
1779 3
1780 3
1781 3
1782 3
1783 3
1784 3
1785 3
1786 3
1787 3
1788 3
1789 3
1790 3
1791 3
1792 3
1793 3
1794 3
1795 3
1796 3
1797 3
1798 3
1799 3
1800 3
1801 3
1802 3
1803 3
1804 3
1805 3
1806 3
1807 3
1808 3
1809 3
1810 3
1811 3
1812 3
1813 3
1814 3
1815 3
1816 3
1817 3
1818 3
1819 3
1820 3
1821 3
1822 3
1823 3
1824 3
1825 3
1826 3
1827 3
1828 3
1829 3
1830 3
1831 3
1832 3
1833 3
1834 3
1835 3
1836 3
1837 3
1838 3
1839 5
1840 5
1841 5
1842 5
1843 5
1844 5
1845 5
1846 5
1847 5
1848 5
1849 5
1850 5
1851 5
1852 5
1853 5
1854 5
1855 5
1856 5
1857 5
1858 5
1859 5
1860 5
1861 5
1862 5
1863 5
1864 5
1865 5
1866 5
1867 5
1868 5
1869 5
1870 5
1871 5
1872 5
1873 5
1874 5
1875 5
1876 5
1877 4
1878 4
1879 4
1880 4
1881 4
1882 4
1883 4
1884 4
1885 4
1886 4
1887 4
1888 4
1889 4
1890 4
1891 4
1892 4
1893 4
1894 4
1895 4
1896 4
1897 4
1898 4
1899 4
1900 4
1901 4
1902 4
1903 4
1904 4
1905 4
1906 4
1907 4
1908 4
1909 4
1910 4
1911 4
1912 4
1913 4
1914 4
1915 4
1916 4
1917 4
1918 4
1919 4
1920 4
1921 4
1922 4
1923 4
1924 4
1925 4
1926 4
1927 4
1928 4
1929 4
1930 4
1931 4
1932 4
1933 4
1934 4
1935 4
1936 4
1937 4
1938 4
1939 4
1940 4
1941 4
1942 4
1943 4
1944 4
1945 4
1946 4
1947 4
1948 1
1949 1
1950 1
1951 1
1952 1
1953 1
1954 1
1955 1
1956 1
1957 1
1958 1
1959 1
1960 1
1961 1
1962 1
1963 1
1964 1
1965 1
1966 5
1967 5
1968 5
1969 5
1970 5
1971 5
1972 5
1973 5
1974 5
1975 5
1976 5
1977 5
1978 5
1979 5
1980 5
1981 5
1982 5
1983 5
1984 5
1985 5
1986 5
1987 5
1988 4
1989 4
1990 4
1991 4
1992 4
1993 4
1994 4
1995 4
1996 4
1997 4
1998 4
1999 4
2000 4
2001 4
2002 4
2003 4
2004 4
2005 4
2006 4
2007 4
2008 4
2009 4
2010 4
2011 4
2012 4
2013 4
2014 4
2015 4
2016 4
2017 4
2018 4
2019 4
2020 4
2021 4
2022 4
2023 4
2024 4
2025 4
2026 4
2027 4
2028 4
2029 4
2030 4
2031 4
2032 4
2033 4
2034 4
2035 4
2036 4
2037 4
2038 4
2039 4
2040 4
2041 4
2042 4
2043 4
2044 4
2045 4
2046 4
2047 4
2048 4
2049 4
2050 4
2051 4
2052 4
2053 4
2054 4
2055 4
2056 1
2057 1
2058 1
2059 1
2060 1
2061 1
2062 1
2063 1
2064 1
2065 1
2066 1
2067 1
2068 1
2069 1
2070 1
2071 1
2072 1
2073 1
2074 1
2075 1
2076 1
2077 1
2078 1
2079 1
2080 1
2081 1
2082 1
2083 1
2084 1
2085 1
2086 1
2087 1
2088 1
2089 1
2090 1
2091 1
2092 1
2093 1
2094 1
2095 1
2096 1
2097 1
2098 3
2099 3
2100 3
2101 3
2102 3
2103 3
2104 3
2105 3
2106 3
2107 3
2108 3
2109 3
2110 3
2111 3
2112 3
2113 3
2114 3
2115 3
2116 3
2117 3
2118 3
2119 3
2120 3
2121 3
2122 3
2123 3
2124 3
2125 3
2126 3
2127 3
2128 3
2129 3
2130 3
2131 3
2132 3
2133 3
2134 3
2135 3
2136 3
2137 3
2138 3
2139 3
2140 3
2141 3
2142 3
2143 3
2144 3
2145 3
2146 3
2147 3
2148 3
2149 3
2150 3
2151 3
2152 3
2153 3
2154 3
2155 3
2156 3
2157 3
2158 3
2159 3
2160 3
2161 3
2162 3
2163 3
2164 3
2165 3
2166 3
2167 5
2168 5
2169 5
2170 5
2171 5
2172 0
2173 0
2174 0
2175 0
2176 0
2177 0
2178 0
2179 1
2180 1
2181 1
2182 1
2183 1
2184 1
2185 1
2186 1
2187 1
2188 1
2189 1
2190 1
2191 1
2192 1
2193 1
2194 1
2195 1
2196 1
2197 1
2198 1
2199 1
2200 1
2201 1
2202 1
2203 1
2204 1
2205 1
2206 1
2207 1
2208 1
2209 1
2210 1
2211 1
2212 1
2213 1
2214 1
2215 1
2216 1
2217 1
2218 2
2219 2
2220 2
2221 2
2222 2
2223 0
2224 0
2225 0
2226 0
2227 0
2228 0
2229 0
2230 0
2231 0
2232 0
2233 0
2234 0
2235 0
2236 0
2237 0
2238 0
2239 0
2240 0
2241 2
2242 0
2243 0
2244 0
2245 0
2246 0
2247 0
2248 1
2249 1
2250 1
2251 1
2252 1
2253 0
2254 0
2255 0
2256 0
2257 0
2258 0
2259 0
2260 0
2261 0
2262 0
2263 0
2264 0
2265 0
2266 0
2267 0
2268 0
2269 0
2270 3
2271 3
2272 3
2273 3
2274 3
2275 3
2276 3
2277 3
2278 3
2279 3
2280 3
2281 3
2282 3
2283 3
2284 3
2285 3
2286 3
2287 3
2288 3
2289 3
2290 3
2291 3
2292 3
2293 3
2294 3
2295 3
2296 3
2297 3
2298 3
2299 3
2300 3
2301 3
2302 3
2303 3
2304 3
2305 3
2306 3
2307 3
2308 3
2309 3
2310 3
2311 3
2312 3
2313 3
2314 3
2315 3
2316 3
2317 3
2318 3
2319 3
2320 3
2321 3
2322 3
2323 3
2324 3
2325 3
2326 3
2327 3
2328 3
2329 3
2330 3
2331 3
2332 3
2333 3
2334 3
2335 3
2336 3
2337 3
2338 3
2339 3
2340 3
2341 3
2342 3
2343 3
2344 5
2345 5
2346 5
2347 5
2348 5
2349 5
2350 5
2351 5
2352 5
2353 5
2354 5
2355 5
2356 5
2357 5
2358 5
2359 5
2360 5
2361 5
2362 5
2363 5
2364 5
2365 5
2366 5
2367 5
2368 5
2369 5
2370 5
2371 5
2372 5
2373 5
2374 5
2375 5
2376 5
2377 5
2378 5
2379 5
2380 5
2381 5
2382 5
2383 5
2384 4
2385 4
2386 4
2387 4
2388 4
2389 4
2390 4
2391 4
2392 4
2393 4
2394 4
2395 4
2396 4
2397 4
2398 4
2399 4
2400 4
2401 4
2402 4
2403 4
2404 4
2405 4
2406 4
2407 4
2408 4
2409 4
2410 4
2411 4
2412 4
2413 4
2414 4
2415 4
2416 4
2417 4
2418 4
2419 4
2420 4
2421 4
2422 4
2423 4
2424 4
2425 4
2426 4
2427 4
2428 4
2429 4
2430 4
2431 4
2432 4
2433 4
2434 4
2435 4
2436 4
2437 4
2438 4
2439 4
2440 4
2441 4
2442 4
2443 4
2444 4
2445 4
2446 4
2447 4
2448 4
2449 4
2450 4
2451 4
2452 4
2453 4
2454 4
2455 1
2456 1
2457 1
2458 1
2459 1
2460 1
2461 1
2462 1
2463 1
2464 1
2465 1
2466 1
2467 1
2468 1
2469 1
2470 1
2471 1
2472 1
2473 1
2474 1
2475 1
2476 1
2477 1
2478 1
2479 2
2480 2
2481 2
2482 1
2483 1
2484 1
2485 1
2486 1
2487 1
2488 1
2489 1
2490 2
2491 2
2492 2
2493 2
2494 2
2495 2
2496 2
2497 2
2498 2
2499 2
2500 2
2501 2
2502 1
2503 1
2504 1
2505 1
2506 1
2507 1
2508 1
2509 1
2510 1
2511 1
2512 1
2513 4
2514 4
2515 4
2516 4
2517 4
2518 4
2519 4
2520 4
2521 4
2522 4
2523 4
2524 4
2525 4
2526 4
2527 4
2528 4
2529 4
2530 4
2531 4
2532 4
2533 4
2534 4
2535 4
2536 4
2537 4
2538 4
2539 4
2540 4
2541 4
2542 4
2543 4
2544 4
2545 2
2546 2
2547 2
2548 2
2549 2
2550 2
2551 2
2552 4
2553 4
2554 4
2555 4
2556 4
2557 4
2558 4
2559 4
2560 0
2561 0
2562 0
2563 0
2564 0
2565 0
2566 0
2567 0
2568 0
2569 0
2570 4
2571 0
2572 0
2573 0
2574 0
2575 0
2576 0
2577 0
2578 3
2579 3
2580 3
2581 3
2582 3
2583 3
2584 3
2585 3
2586 3
2587 3
2588 3
2589 3
2590 3
2591 3
2592 3
2593 3
2594 3
2595 3
2596 3
2597 3
2598 3
2599 3
2600 3
2601 3
2602 3
2603 3
2604 3
2605 3
2606 3
2607 3
2608 3
2609 3
2610 3
2611 3
2612 3
2613 3
2614 3
2615 3
2616 3
2617 3
2618 3
2619 3
2620 3
2621 3
2622 3
2623 3
2624 3
2625 3
2626 3
2627 3
2628 3
2629 3
2630 3
2631 3
2632 3
2633 3
2634 3
2635 3
2636 3
2637 3
2638 3
2639 3
2640 3
2641 3
2642 3
2643 3
2644 3
2645 3
2646 3
2647 3
2648 3
2649 3
2650 3
2651 3
2652 3
2653 3
2654 3
2655 3
2656 5
2657 5
2658 5
2659 5
2660 5
2661 5
2662 5
2663 5
2664 5
2665 5
2666 5
2667 5
2668 5
2669 5
2670 5
2671 5
2672 5
2673 5
2674 5
2675 5
2676 5
2677 5
2678 5
2679 5
2680 5
2681 5
2682 5
2683 5
2684 5
2685 5
2686 5
2687 5
2688 5
2689 5
2690 5
2691 5
2692 5
2693 5
2694 5
2695 5
2696 4
2697 4
2698 4
2699 4
2700 4
2701 4
2702 4
2703 4
2704 4
2705 4
2706 4
2707 4
2708 4
2709 4
2710 4
2711 4
2712 4
2713 4
2714 4
2715 4
2716 4
2717 4
2718 4
2719 4
2720 4
2721 4
2722 4
2723 4
2724 4
2725 4
2726 4
2727 4
2728 4
2729 4
2730 4
2731 4
2732 4
2733 4
2734 4
2735 4
2736 4
2737 4
2738 4
2739 4
2740 4
2741 4
2742 4
2743 4
2744 4
2745 4
2746 4
2747 4
2748 4
2749 4
2750 4
2751 0
2752 0
2753 0
2754 0
2755 0
2756 0
2757 0
2758 0
2759 0
2760 0
2761 0
2762 0
2763 0
2764 0
2765 0
2766 0
2767 0
2768 0
2769 0
2770 0
2771 0
2772 0
2773 0
2774 0
2775 0
2776 0
2777 0
2778 3
2779 3
2780 3
2781 3
2782 3
2783 3
2784 3
2785 3
2786 3
2787 3
2788 3
2789 3
2790 3
2791 3
2792 3
2793 3
2794 3
2795 3
2796 3
2797 3
2798 3
2799 3
2800 3
2801 3
2802 3
2803 3
2804 0
2805 0
2806 0
2807 0
2808 0
2809 2
2810 2
2811 2
2812 2
2813 2
2814 0
2815 0
2816 0
2817 0
2818 0
2819 0
2820 0
2821 0
2822 0
2823 0
2824 3
2825 3
2826 3
2827 3
2828 3
2829 3
2830 3
2831 3
2832 3
2833 3
2834 3
2835 3
2836 3
2837 3
2838 3
2839 3
2840 3
2841 2
2842 2
2843 2
2844 2
2845 2
2846 2
2847 2
2848 2
2849 2
2850 2
2851 2
2852 2
2853 2
2854 2
2855 2
2856 2
2857 2
2858 2
2859 2
2860 2
2861 2
2862 2
2863 2
2864 2
2865 2
2866 2
2867 2
2868 2
2869 2
2870 2
2871 2
2872 2
2873 2
2874 2
2875 2
2876 2
2877 2
2878 2
2879 2
2880 2
2881 2
2882 2
2883 2
2884 2
2885 2
2886 2
2887 2
2888 2
2889 2
2890 2
2891 2
2892 2
2893 0
2894 0
2895 0
2896 0
2897 0
2898 0
2899 0
2900 0
2901 0
2902 0
2903 0
2904 0
2905 0
2906 0
2907 0
2908 0
2909 0
2910 0
2911 0
2912 0
2913 0
2914 0
2915 0
2916 0
2917 0
2918 0
2919 0
2920 0
2921 3
2922 3
2923 3
2924 3
2925 3
2926 3
2927 3
2928 3
2929 3
2930 3
2931 3
2932 3
2933 3
2934 3
2935 3
2936 3
2937 3
2938 3
2939 3
2940 3
2941 3
2942 3
2943 3
2944 3
2945 3
2946 3
2947 3
2948 3
2949 3
2950 3
2951 3
2952 3
2953 3
2954 3
2955 3
2956 3
2957 3
2958 3
2959 3
2960 3
2961 3
2962 3
2963 3
2964 3
2965 3
2966 3
2967 3
2968 3
2969 3
2970 3
2971 3
2972 3
2973 3
2974 3
2975 3
2976 3
2977 3
2978 3
2979 3
2980 3
2981 3
2982 3
2983 3
2984 3
2985 3
2986 3
2987 3
2988 3
2989 3
2990 3
2991 3
2992 5
2993 5
2994 5
2995 5
2996 5
2997 5
2998 5
2999 5
3000 5
3001 5
3002 5
3003 4
3004 4
3005 4
3006 4
3007 4
3008 4
3009 4
3010 4
3011 4
3012 4
3013 4
3014 4
3015 4
3016 4
3017 4
3018 4
3019 4
3020 4
3021 4
3022 4
3023 4
3024 4
3025 4
3026 4
3027 4
3028 4
3029 4
3030 4
3031 4
3032 4
3033 4
3034 4
3035 4
3036 4
3037 4
3038 4
3039 4
3040 4
3041 4
3042 4
3043 4
3044 4
3045 4
3046 4
3047 4
3048 4
3049 4
3050 4
3051 4
3052 4
3053 4
3054 4
3055 4
3056 4
3057 4
3058 4
3059 4
3060 4
3061 4
3062 4
3063 4
3064 4
3065 4
3066 4
3067 4
3068 4
3069 4
3070 4
3071 4
3072 4
3073 4
3074 1
3075 1
3076 1
3077 1
3078 1
3079 1
3080 1
3081 1
3082 1
3083 1
3084 1
3085 1
3086 1
3087 1
3088 1
3089 1
3090 1
3091 1
3092 1
3093 2
3094 2
3095 1
3096 1
3097 2
3098 1
3099 1
3100 1
3101 1
3102 1
3103 1
3104 1
3105 1
3106 1
3107 1
3108 1
3109 1
3110 1
3111 1
3112 1
3113 1
3114 1
3115 1
3116 1
3117 1
3118 1
3119 1
3120 1
3121 1
3122 1
3123 1
3124 1
3125 1
3126 1
3127 1
3128 1
3129 1
3130 1
3131 1
3132 1
3133 1
3134 1
3135 1
3136 1
3137 1
3138 1
3139 0
3140 0
3141 0
3142 0
3143 0
3144 0
3145 0
3146 0
3147 0
3148 1
3149 1
3150 1
3151 1
3152 1
3153 1
3154 1
3155 1
3156 1
3157 1
3158 1
3159 1
3160 1
3161 1
3162 2
3163 2
3164 2
3165 2
3166 2
3167 2
3168 2
3169 2
3170 2
3171 2
3172 2
3173 2
3174 2
3175 2
3176 2
3177 2
3178 2
3179 2
3180 2
3181 2
3182 2
3183 2
3184 2
3185 2
3186 2
3187 2
3188 2
3189 2
3190 2
3191 0
3192 2
3193 2
3194 2
3195 2
3196 2
3197 0
3198 0
3199 0
3200 0
3201 0
3202 0
3203 0
3204 0
3205 0
3206 0
3207 0
3208 0
3209 0
3210 0
3211 0
3212 0
3213 0
3214 2
3215 2
3216 2
3217 1
3218 1
3219 1
3220 1
3221 1
3222 1
3223 1
3224 1
3225 1
3226 1
3227 1
3228 1
3229 1
3230 1
3231 1
3232 1
3233 1
3234 1
3235 1
3236 1
3237 1
3238 1
3239 1
3240 1
3241 1
3242 3
3243 3
3244 3
3245 3
3246 3
3247 3
3248 3
3249 3
3250 3
3251 3
3252 3
3253 3
3254 3
3255 3
3256 3
3257 3
3258 3
3259 3
3260 3
3261 3
3262 3
3263 3
3264 3
3265 3
3266 3
3267 3
3268 3
3269 3
3270 3
3271 3
3272 3
3273 3
3274 3
3275 3
3276 3
3277 3
3278 5
3279 5
3280 5
3281 5
3282 5
3283 5
3284 4
3285 4
3286 4
3287 4
3288 4
3289 4
3290 4
3291 4
3292 4
3293 4
3294 4
3295 4
3296 4
3297 4
3298 4
3299 4
3300 4
3301 4
3302 4
3303 4
3304 4
3305 4
3306 4
3307 4
3308 4
3309 4
3310 4
3311 4
3312 4
3313 4
3314 4
3315 4
3316 4
3317 4
3318 4
3319 4
3320 4
3321 4
3322 4
3323 4
3324 4
3325 4
3326 4
3327 4
3328 4
3329 4
3330 1
3331 1
3332 1
3333 1
3334 1
3335 1
3336 1
3337 1
3338 1
3339 1
3340 1
3341 1
3342 1
3343 1
3344 1
3345 1
3346 1
3347 1
3348 1
3349 1
3350 1
3351 1
3352 1
3353 1
3354 1
3355 1
3356 1
3357 1
3358 1
3359 1
3360 1
3361 1
3362 1
3363 1
3364 1
3365 1
3366 1
3367 1
3368 1
3369 1
3370 1
3371 1
3372 1
3373 1
3374 1
3375 1
3376 1
3377 1
3378 1
3379 1
3380 1
3381 1
3382 1
3383 1
3384 1
3385 1
3386 1
3387 1
3388 1
3389 1
3390 1
3391 5
3392 5
3393 5
3394 5
3395 0
3396 0
3397 0
3398 0
3399 0
3400 0
3401 0
3402 0
3403 0
3404 0
3405 0
3406 0
3407 0
3408 0
3409 0
3410 0
3411 0
3412 0
3413 0
3414 0
3415 0
3416 0
3417 0
3418 0
3419 0
3420 0
3421 0
3422 0
3423 0
3424 0
3425 0
3426 0
3427 0
3428 0
3429 0
3430 0
3431 0
3432 0
3433 0
3434 0
3435 0
3436 2
3437 2
3438 2
3439 2
3440 2
3441 2
3442 0
3443 0
3444 0
3445 0
3446 0
3447 0
3448 0
3449 0
3450 2
3451 2
3452 2
3453 2
3454 0
3455 0
3456 0
3457 0
3458 0
3459 0
3460 0
3461 0
3462 0
3463 0
3464 0
3465 0
3466 0
3467 0
3468 0
3469 0
3470 0
3471 0
3472 0
3473 0
3474 0
3475 0
3476 0
3477 0
3478 0
3479 0
3480 0
3481 0
3482 0
3483 0
3484 1
3485 1
3486 1
3487 1
3488 1
3489 1
3490 1
3491 1
3492 1
3493 1
3494 1
3495 1
3496 1
3497 1
3498 1
3499 0
3500 0
3501 1
3502 1
3503 1
3504 1
3505 2
3506 2
3507 2
3508 2
3509 2
3510 2
3511 2
3512 2
3513 2
3514 2
3515 2
3516 2
3517 2
3518 2
3519 2
3520 2
3521 2
3522 2
3523 2
3524 2
3525 2
3526 2
3527 2
3528 2
3529 2
3530 2
3531 2
3532 2
3533 2
3534 2
3535 2
3536 2
3537 2
3538 2
3539 2
3540 2
3541 2
3542 2
3543 2
3544 2
3545 3
3546 3
3547 3
3548 3
3549 3
3550 3
3551 5
3552 5
3553 5
3554 5
3555 5
3556 5
3557 5
3558 5
3559 5
3560 5
3561 5
3562 5
3563 5
3564 5
3565 5
3566 5
3567 5
3568 5
3569 5
3570 5
3571 5
3572 5
3573 5
3574 5
3575 5
3576 5
3577 5
3578 5
3579 5
3580 5
3581 5
3582 5
3583 5
3584 5
3585 5
3586 5
3587 5
3588 5
3589 5
3590 5
3591 5
3592 5
3593 5
3594 5
3595 5
3596 4
3597 4
3598 4
3599 4
3600 4
3601 4
3602 4
3603 4
3604 4
3605 4
3606 4
3607 4
3608 4
3609 4
3610 4
3611 4
3612 4
3613 4
3614 4
3615 4
3616 4
3617 4
3618 4
3619 4
3620 4
3621 4
3622 4
3623 4
3624 4
3625 4
3626 4
3627 4
3628 4
3629 4
3630 4
3631 4
3632 4
3633 4
3634 4
3635 4
3636 4
3637 4
3638 4
3639 4
3640 4
3641 4
3642 4
3643 4
3644 4
3645 1
3646 1
3647 1
3648 1
3649 1
3650 1
3651 1
3652 1
3653 1
3654 1
3655 1
3656 1
3657 1
3658 1
3659 1
3660 1
3661 1
3662 1
3663 1
3664 1
3665 1
3666 1
3667 1
3668 1
3669 1
3670 1
3671 1
3672 1
3673 1
3674 1
3675 1
3676 1
3677 1
3678 1
3679 0
3680 0
3681 0
3682 0
3683 0
3684 1
3685 0
3686 0
3687 0
3688 0
3689 0
3690 0
3691 0
3692 0
3693 0
3694 0
3695 0
3696 0
3697 0
3698 0
3699 0
3700 0
3701 0
3702 0
3703 0
3704 0
3705 0
3706 0
3707 0
3708 0
3709 0
3710 3
3711 3
3712 3
3713 3
3714 3
3715 3
3716 3
3717 3
3718 3
3719 3
3720 3
3721 3
3722 3
3723 3
3724 3
3725 3
3726 3
3727 3
3728 3
3729 3
3730 3
3731 3
3732 3
3733 3
3734 3
3735 3
3736 3
3737 3
3738 3
3739 3
3740 3
3741 3
3742 3
3743 3
3744 3
3745 3
3746 3
3747 3
3748 3
3749 3
3750 3
3751 3
3752 3
3753 3
3754 3
3755 3
3756 3
3757 3
3758 3
3759 3
3760 1
3761 1
3762 1
3763 1
3764 1
3765 1
3766 1
3767 1
3768 1
3769 1
3770 2
3771 2
3772 2
3773 2
3774 0
3775 0
3776 0
3777 0
3778 0
3779 0
3780 0
3781 0
3782 0
3783 0
3784 0
3785 0
3786 0
3787 0
3788 0
3789 0
3790 0
3791 0
3792 0
3793 0
3794 0
3795 0
3796 0
3797 0
3798 0
3799 0
3800 0
3801 0
3802 0
3803 0
3804 0
3805 0
3806 0
3807 0
3808 0
3809 5
3810 5
3811 5
3812 5
3813 5
3814 5
3815 5
3816 5
3817 5
3818 5
3819 5
3820 5
3821 5
3822 5
3823 5
3824 3
3825 3
3826 3
3827 3
3828 3
3829 3
3830 3
3831 3
3832 3
3833 3
3834 3
3835 5
3836 5
3837 5
3838 5
3839 5
3840 5
3841 5
3842 5
3843 5
3844 5
3845 5
3846 5
3847 5
3848 5
3849 5
3850 5
3851 1
3852 1
3853 5
3854 5
3855 5
3856 5
3857 5
3858 5
3859 5
3860 5
3861 1
3862 1
3863 1
3864 5
3865 5
3866 5
3867 5
3868 5
3869 5
3870 5
3871 5
3872 5
3873 5
3874 5
3875 5
3876 5
3877 5
3878 5
3879 5
3880 1
3881 1
3882 1
3883 1
3884 1
3885 1
3886 1
3887 1
3888 5
3889 5
3890 5
3891 5
3892 0
3893 0
3894 0
3895 0
3896 0
3897 0
3898 0
3899 0
3900 0
3901 0
3902 0
3903 4
3904 4
3905 4
3906 4
3907 4
3908 4
3909 4
3910 4
3911 4
3912 4
3913 4
3914 4
3915 4
3916 4
3917 1
3918 1
3919 1
3920 4
3921 1
3922 1
3923 1
3924 1
3925 1
3926 1
3927 4
3928 4
3929 4
3930 4
3931 4
3932 4
3933 4
3934 4
3935 4
3936 4
3937 4
3938 4
3939 4
3940 1
3941 1
3942 1
3943 1
3944 1
3945 1
3946 1
3947 1
3948 1
3949 1
3950 1
3951 1
3952 0
3953 0
3954 0
3955 0
3956 0
3957 0
3958 2
3959 2
3960 2
3961 2
3962 1
3963 1
3964 1
3965 1
3966 1
3967 1
3968 1
3969 1
3970 1
3971 1
3972 0
3973 0
3974 0
3975 0
3976 0
3977 0
3978 0
3979 0
3980 0
3981 0
3982 0
3983 0
3984 3
3985 3
3986 3
3987 3
3988 3
3989 3
3990 3
3991 3
3992 3
3993 3
3994 3
3995 3
3996 3
3997 3
3998 3
3999 3
4000 3
4001 3
4002 3
4003 3
4004 3
4005 3
4006 3
4007 3
4008 3
4009 3
4010 3
4011 3
4012 3
4013 3
4014 3
4015 3
4016 3
4017 3
4018 3
4019 3
4020 3
4021 3
4022 3
4023 3
4024 3
4025 3
4026 3
4027 3
4028 3
4029 3
4030 3
4031 3
4032 3
4033 3
4034 3
4035 3
4036 3
4037 3
4038 1
4039 1
4040 1
4041 3
4042 3
4043 3
4044 3
4045 3
4046 3
4047 3
4048 3
4049 3
4050 3
4051 3
4052 3
4053 3
4054 3
4055 3
4056 3
4057 3
4058 3
4059 3
4060 3
4061 3
4062 3
4063 3
4064 3
4065 3
4066 3
4067 3
4068 3
4069 3
4070 3
4071 3
4072 3
4073 3
4074 3
4075 3
4076 3
4077 3
4078 3
4079 3
4080 3
4081 3
4082 3
4083 3
4084 3
4085 3
4086 2
4087 2
4088 2
4089 2
4090 2
4091 2
4092 2
4093 2
4094 2
4095 2
4096 2
4097 2
4098 2
4099 2
4100 0
4101 0
4102 0
4103 0
4104 0
4105 0
4106 0
4107 0
4108 0
4109 0
4110 0
4111 0
4112 0
4113 0
4114 0
4115 0
4116 2
4117 2
4118 2
4119 2
4120 2
4121 2
4122 2
4123 2
4124 2
4125 2
4126 2
4127 2
4128 2
4129 2
4130 2
4131 2
4132 2
4133 2
4134 2
4135 2
4136 2
4137 2
4138 2
4139 2
4140 2
4141 5
4142 5
4143 5
4144 5
4145 5
4146 5
4147 5
4148 5
4149 5
4150 5
4151 5
4152 5
4153 5
4154 5
4155 5
4156 4
4157 4
4158 4
4159 4
4160 4
4161 4
4162 4
4163 4
4164 4
4165 4
4166 4
4167 4
4168 4
4169 4
4170 4
4171 4
4172 4
4173 4
4174 4
4175 4
4176 4
4177 4
4178 4
4179 4
4180 4
4181 4
4182 4
4183 4
4184 4
4185 4
4186 4
4187 4
4188 4
4189 4
4190 4
4191 4
4192 4
4193 4
4194 4
4195 4
4196 4
4197 4
4198 4
4199 4
4200 4
4201 4
4202 4
4203 4
4204 4
4205 4
4206 4
4207 4
4208 3
4209 3
4210 3
4211 3
4212 3
4213 3
4214 3
4215 3
4216 3
4217 3
4218 3
4219 3
4220 3
4221 3
4222 3
4223 3
4224 3
4225 3
4226 3
4227 3
4228 3
4229 3
4230 3
4231 0
4232 3
4233 3
4234 3
4235 3
4236 5
4237 5
4238 0
4239 0
4240 0
4241 0
4242 0
4243 0
4244 0
4245 0
4246 0
4247 0
4248 0
4249 0
4250 1
4251 5
4252 5
4253 5
4254 5
4255 5
4256 5
4257 5
4258 5
4259 5
4260 5
4261 5
4262 5
4263 5
4264 5
4265 5
4266 5
4267 5
4268 5
4269 5
4270 5
4271 5
4272 5
4273 5
4274 5
4275 5
4276 5
4277 5
4278 5
4279 5
4280 5
4281 5
4282 5
4283 5
4284 5
4285 4
4286 4
4287 4
4288 4
4289 4
4290 4
4291 4
4292 4
4293 4
4294 4
4295 4
4296 4
4297 4
4298 4
4299 4
4300 4
4301 4
4302 4
4303 4
4304 4
4305 4
4306 4
4307 4
4308 4
4309 4
4310 4
4311 4
4312 4
4313 4
4314 4
4315 4
4316 4
4317 4
4318 4
4319 4
4320 4
4321 4
4322 4
4323 4
4324 4
4325 4
4326 4
4327 4
4328 4
4329 4
4330 4
4331 4
4332 4
4333 4
4334 4
4335 4
4336 4
4337 4
4338 4
4339 4
4340 4
4341 1
4342 1
4343 1
4344 1
4345 1
4346 1
4347 1
4348 1
4349 1
4350 1
4351 1
4352 1
4353 1
4354 1
4355 1
4356 1
4357 1
4358 1
4359 1
4360 1
4361 1
4362 1
4363 1
4364 1
4365 2
4366 2
4367 2
4368 1
4369 1
4370 1
4371 1
4372 2
4373 2
4374 2
4375 2
4376 2
4377 2
4378 2
4379 2
4380 2
4381 2
4382 0
4383 0
4384 0
4385 0
4386 2
4387 2
4388 2
4389 0
4390 0
4391 0
4392 0
4393 0
4394 0
4395 2
4396 2
4397 2
4398 2
4399 2
4400 2
4401 2
4402 0
4403 0
4404 0
4405 5
4406 5
4407 5
4408 5
4409 5
4410 2
4411 2
4412 2
4413 2
4414 2
4415 2
4416 0
4417 0
4418 0
4419 0
4420 5
4421 5
4422 5
4423 5
4424 5
4425 5
4426 5
4427 5
4428 5
4429 4
4430 4
4431 4
4432 4
4433 4
4434 4
4435 1
4436 4
4437 4
4438 1
4439 3
4440 3
4441 3
4442 3
4443 3
4444 3
4445 3
4446 3
4447 3
4448 3
4449 3
4450 3
4451 3
4452 3
4453 3
4454 3
4455 3
4456 3
4457 3
4458 3
4459 3
4460 3
4461 3
4462 3
4463 3
4464 3
4465 3
4466 3
4467 3
4468 3
4469 3
4470 3
4471 3
4472 3
4473 3
4474 3
4475 3
4476 3
4477 3
4478 3
4479 3
4480 3
4481 3
4482 3
4483 3
4484 3
4485 3
4486 3
4487 3
4488 3
4489 3
4490 3
4491 3
4492 3
4493 3
4494 3
4495 3
4496 3
4497 3
4498 3
4499 3
4500 3
4501 3
4502 3
4503 0
4504 0
4505 0
4506 0
4507 0
4508 0
4509 0
4510 0
4511 3
4512 3
4513 3
4514 1
4515 1
4516 1
4517 1
4518 1
4519 1
4520 1
4521 1
4522 2
4523 2
4524 2
4525 2
4526 2
4527 2
4528 2
4529 2
4530 2
4531 2
4532 2
4533 2
4534 2
4535 2
4536 2
4537 2
4538 2
4539 2
4540 2
4541 2
4542 2
4543 2
4544 2
4545 2
4546 2
4547 2
4548 2
4549 2
4550 2
4551 2
4552 2
4553 2
4554 2
4555 2
4556 2
4557 2
4558 2
4559 2
4560 2
4561 2
4562 2
4563 2
4564 2
4565 2
4566 4
4567 4
4568 4
4569 4
4570 4
4571 4
4572 4
4573 4
4574 4
4575 4
4576 4
4577 4
4578 4
4579 4
4580 4
4581 4
4582 4
4583 4
4584 4
4585 4
4586 4
4587 4
4588 4
4589 4
4590 4
4591 4
4592 4
4593 4
4594 4
4595 4
4596 4
4597 4
4598 4
4599 4
4600 4
4601 4
4602 4
4603 4
4604 1
4605 1
4606 1
4607 1
4608 1
4609 4
4610 4
4611 1
4612 1
4613 1
4614 1
4615 1
4616 1
4617 1
4618 1
4619 1
4620 1
4621 1
4622 1
4623 1
4624 1
4625 1
4626 1
4627 1
4628 1
4629 1
4630 1
4631 1
4632 1
4633 1
4634 1
4635 1
4636 1
4637 1
4638 1
4639 1
4640 1
4641 1
4642 1
4643 5
4644 5
4645 5
4646 5
4647 5
4648 2
4649 2
4650 1
4651 1
4652 1
4653 1
4654 1
4655 1
4656 2
4657 1
4658 3
4659 3
4660 3
4661 0
4662 0
4663 0
4664 0
4665 0
4666 2
4667 2
4668 2
4669 3
4670 3
4671 3
4672 3
4673 3
4674 3
4675 3
4676 3
4677 3
4678 3
4679 3
4680 3
4681 3
4682 3
4683 3
4684 3
4685 3
4686 3
4687 3
4688 0
4689 0
4690 0
4691 0
4692 0
4693 0
4694 0
4695 0
4696 0
4697 0
4698 0
4699 0
4700 0
4701 0
4702 0
4703 0
4704 0
4705 0
4706 0
4707 0
4708 0
4709 0
4710 0
4711 0
4712 3
4713 3
4714 3
4715 3
4716 3
4717 3
4718 3
4719 3
4720 3
4721 3
4722 3
4723 3
4724 3
4725 3
4726 3
4727 3
4728 3
4729 5
4730 5
4731 5
4732 5
4733 3
4734 3
4735 3
4736 3
4737 3
4738 3
4739 0
4740 0
4741 0
4742 0
4743 0
4744 0
4745 0
4746 0
4747 0
4748 0
4749 0
4750 0
4751 0
4752 0
4753 0
4754 3
4755 3
4756 3
4757 0
4758 0
4759 3
4760 3
4761 3
4762 3
4763 3
4764 3
4765 3
4766 3
4767 3
4768 3
4769 3
4770 3
4771 4
4772 4
4773 4
4774 4
4775 4
4776 4
4777 4
4778 4
4779 4
4780 4
4781 4
4782 4
4783 4
4784 4
4785 4
4786 4
4787 4
4788 4
4789 4
4790 4
4791 4
4792 4
4793 4
4794 4
4795 4
4796 4
4797 4
4798 4
4799 4
4800 4
4801 4
4802 4
4803 4
4804 4
4805 4
4806 4
4807 4
4808 4
4809 4
4810 4
4811 4
4812 4
4813 4
4814 4
4815 4
4816 4
4817 4
4818 4
4819 4
4820 4
4821 4
4822 4
4823 4
4824 4
4825 4
4826 4
4827 4
4828 4
4829 4
4830 4
4831 4
4832 4
4833 4
4834 1
4835 1
4836 1
4837 1
4838 1
4839 1
4840 1
4841 1
4842 1
4843 1
4844 1
4845 4
4846 4
4847 4
4848 4
4849 4
4850 1
4851 1
4852 1
4853 1
4854 1
4855 1
4856 1
4857 1
4858 1
4859 1
4860 1
4861 1
4862 1
4863 1
4864 1
4865 1
4866 1
4867 1
4868 1
4869 1
4870 1
4871 1
4872 1
4873 1
4874 1
4875 1
4876 1
4877 1
4878 1
4879 1
4880 1
4881 1
4882 1
4883 1
4884 1
4885 1
4886 1
4887 1
4888 1
4889 1
4890 1
4891 1
4892 1
4893 1
4894 1
4895 1
4896 1
4897 1
4898 1
4899 1
4900 1
4901 1
4902 1
4903 1
4904 1
4905 1
4906 1
4907 1
4908 1
4909 1
4910 1
4911 1
4912 1
4913 1
4914 1
4915 1
4916 1
4917 1
4918 4
4919 4
4920 4
4921 4
4922 4
4923 4
4924 4
4925 4
4926 4
4927 4
4928 4
4929 4
4930 4
4931 4
4932 4
4933 4
4934 4
4935 4
4936 4
4937 4
4938 4
4939 4
4940 4
4941 4
4942 4
4943 4
4944 4
4945 4
4946 4
4947 4
4948 4
4949 4
4950 4
4951 4
4952 4
4953 4
4954 4
4955 4
4956 4
4957 4
4958 4
4959 4
4960 4
4961 4
4962 4
4963 4
4964 4
4965 3
4966 3
4967 3
4968 3
4969 3
4970 3
4971 3
4972 3
4973 3
4974 3
4975 3
4976 3
4977 3
4978 3
4979 3
4980 3
4981 3
4982 3
4983 3
4984 3
4985 3
4986 3
4987 3
4988 3
4989 3
4990 3
4991 3
4992 3
4993 3
4994 3
4995 3
4996 3
4997 3
4998 3
4999 3
5000 3
5001 3
5002 3
5003 0
5004 0
5005 0
5006 3
5007 3
5008 3
5009 3
5010 3
5011 3
5012 3
5013 3
5014 3
5015 3
5016 3
5017 3
5018 3
5019 3
5020 3
5021 3
5022 3
5023 3
5024 5
5025 5
5026 5
5027 5
5028 5
5029 5
5030 5
5031 5
5032 5
5033 5
5034 5
5035 5
5036 5
5037 5
5038 5
5039 5
5040 5
5041 5
5042 5
5043 5
5044 5
5045 5
5046 5
5047 5
5048 5
5049 5
5050 4
5051 4
5052 4
5053 4
5054 4
5055 4
5056 4
5057 4
5058 4
5059 4
5060 4
5061 4
5062 4
5063 4
5064 4
5065 4
5066 4
5067 4
5068 4
5069 4
5070 4
5071 4
5072 4
5073 4
5074 4
5075 4
5076 4
5077 4
5078 4
5079 4
5080 4
5081 4
5082 4
5083 4
5084 4
5085 4
5086 4
5087 4
5088 4
5089 4
5090 4
5091 4
5092 4
5093 4
5094 4
5095 4
5096 4
5097 4
5098 4
5099 4
5100 4
5101 4
5102 4
5103 4
5104 4
5105 4
5106 4
5107 4
5108 4
5109 4
5110 4
5111 4
5112 4
5113 4
5114 4
5115 4
5116 4
5117 4
5118 4
5119 4
5120 4
5121 4
5122 4
5123 1
5124 1
5125 1
5126 1
5127 1
5128 1
5129 1
5130 1
5131 1
5132 1
5133 1
5134 1
5135 1
5136 1
5137 1
5138 1
5139 1
5140 1
5141 1
5142 1
5143 1
5144 1
5145 1
5146 1
5147 1
5148 1
5149 1
5150 1
5151 4
5152 4
5153 4
5154 4
5155 1
5156 2
5157 2
5158 0
5159 0
5160 0
5161 0
5162 0
5163 0
5164 0
5165 0
5166 3
5167 3
5168 3
5169 3
5170 0
5171 0
5172 0
5173 0
5174 0
5175 3
5176 3
5177 3
5178 3
5179 3
5180 3
5181 3
5182 3
5183 3
5184 3
5185 3
5186 3
5187 3
5188 3
5189 3
5190 3
5191 3
5192 3
5193 3
5194 3
5195 3
5196 3
5197 3
5198 3
5199 3
5200 3
5201 3
5202 3
5203 3
5204 3
5205 3
5206 3
5207 3
5208 3
5209 3
5210 3
5211 3
5212 3
5213 3
5214 3
5215 3
5216 3
5217 3
5218 3
5219 3
5220 3
5221 3
5222 3
5223 3
5224 3
5225 3
5226 3
5227 3
5228 3
5229 3
5230 3
5231 5
5232 5
5233 5
5234 5
5235 1
5236 1
5237 1
5238 3
5239 3
5240 3
5241 3
5242 3
5243 5
5244 5
5245 5
5246 5
5247 5
5248 5
5249 5
5250 4
5251 4
5252 4
5253 4
5254 4
5255 4
5256 4
5257 4
5258 4
5259 4
5260 4
5261 4
5262 4
5263 4
5264 4
5265 4
5266 4
5267 4
5268 4
5269 4
5270 4
5271 4
5272 4
5273 4
5274 4
5275 4
5276 4
5277 4
5278 4
5279 4
5280 4
5281 4
5282 4
5283 4
5284 4
5285 4
5286 4
5287 4
5288 4
5289 4
5290 4
5291 4
5292 4
5293 4
5294 4
5295 4
5296 4
5297 4
5298 4
5299 4
5300 4
5301 4
5302 4
5303 4
5304 4
5305 4
5306 4
5307 4
5308 4
5309 4
5310 4
5311 4
5312 4
5313 4
5314 4
5315 4
5316 4
5317 4
5318 4
5319 1
5320 1
5321 1
5322 1
5323 1
5324 1
5325 1
5326 1
5327 1
5328 1
5329 1
5330 1
5331 1
5332 1
5333 1
5334 1
5335 1
5336 1
5337 1
5338 1
5339 1
5340 1
5341 1
5342 1
5343 1
5344 1
5345 1
5346 1
5347 1
5348 1
5349 1
5350 1
5351 1
5352 1
5353 1
5354 1
5355 1
5356 1
5357 1
5358 1
5359 1
5360 1
5361 1
5362 1
5363 1
5364 1
5365 1
5366 1
5367 1
5368 1
5369 1
5370 1
5371 1
5372 1
5373 1
5374 1
5375 1
5376 4
5377 4
5378 4
5379 4
5380 2
5381 0
5382 0
5383 0
5384 0
5385 0
5386 0
5387 0
5388 0
5389 0
5390 0
5391 0
5392 1
5393 1
5394 1
5395 1
5396 1
5397 1
5398 1
5399 1
5400 1
5401 1
5402 1
5403 3
5404 3
5405 3
5406 3
5407 3
5408 3
5409 3
5410 3
5411 3
5412 3
5413 3
5414 3
5415 3
5416 3
5417 3
5418 3
5419 3
5420 3
5421 3
5422 3
5423 3
5424 3
5425 3
5426 3
5427 3
5428 3
5429 3
5430 3
5431 3
5432 3
5433 3
5434 3
5435 3
5436 3
5437 3
5438 3
5439 3
5440 3
5441 3
5442 3
5443 3
5444 3
5445 3
5446 3
5447 3
5448 5
5449 5
5450 5
5451 5
5452 5
5453 5
5454 5
5455 5
5456 5
5457 5
5458 5
5459 5
5460 5
5461 5
5462 5
5463 5
5464 5
5465 5
5466 5
5467 5
5468 5
5469 5
5470 5
5471 5
5472 5
5473 5
5474 5
5475 5
5476 5
5477 5
5478 5
5479 5
5480 4
5481 4
5482 4
5483 4
5484 4
5485 4
5486 4
5487 4
5488 4
5489 4
5490 4
5491 4
5492 4
5493 4
5494 4
5495 4
5496 4
5497 4
5498 4
5499 4
5500 4
5501 4
5502 4
5503 4
5504 4
5505 4
5506 4
5507 4
5508 4
5509 4
5510 4
5511 4
5512 4
5513 4
5514 4
5515 4
5516 4
5517 4
5518 4
5519 4
5520 4
5521 4
5522 4
5523 4
5524 4
5525 4
5526 4
5527 4
5528 4
5529 4
5530 4
5531 4
5532 4
5533 4
5534 4
5535 4
5536 4
5537 4
5538 4
5539 4
5540 4
5541 4
5542 4
5543 4
5544 4
5545 4
5546 4
5547 4
5548 4
5549 4
5550 4
5551 4
5552 4
5553 4
5554 4
5555 4
5556 4
5557 4
5558 4
5559 4
5560 1
5561 1
5562 1
5563 1
5564 1
5565 1
5566 1
5567 1
5568 1
5569 1
5570 1
5571 1
5572 1
5573 1
5574 1
5575 1
5576 1
5577 1
5578 1
5579 1
5580 1
5581 1
5582 1
5583 1
5584 1
5585 1
5586 1
5587 1
5588 1
5589 1
5590 1
5591 1
5592 1
5593 1
5594 1
5595 1
5596 1
5597 1
5598 1
5599 1
5600 1
5601 1
5602 1
5603 1
5604 1
5605 1
5606 1
5607 1
5608 1
5609 1
5610 1
5611 1
5612 1
5613 1
5614 1
5615 1
5616 0
5617 0
5618 0
5619 0
5620 0
5621 4
5622 4
5623 4
5624 4
5625 4
5626 4
5627 4
5628 4
5629 4
5630 4
5631 4
5632 4
5633 4
5634 4
5635 4
5636 4
5637 4
5638 4
5639 4
5640 4
5641 4
5642 4
5643 4
5644 4
5645 4
5646 4
5647 4
5648 3
5649 3
5650 3
5651 5
5652 5
5653 5
5654 4
5655 4
5656 4
5657 4
5658 4
5659 4
5660 4
5661 4
5662 4
5663 4
5664 4
5665 4
5666 4
5667 4
5668 4
5669 4
5670 4
5671 4
5672 4
5673 4
5674 4
5675 4
5676 4
5677 4
5678 4
5679 4
5680 4
5681 4
5682 4
5683 4
5684 4
5685 4
5686 4
5687 4
5688 4
5689 4
5690 4
5691 4
5692 4
5693 4
5694 4
5695 4
5696 4
5697 4
5698 4
5699 4
5700 4
5701 4
5702 4
5703 4
5704 4
5705 4
5706 4
5707 4
5708 4
5709 4
5710 4
5711 4
5712 4
5713 4
5714 4
5715 4
5716 1
5717 1
5718 4
5719 4
5720 4
5721 4
5722 4
5723 4
5724 4
5725 4
5726 4
5727 4
5728 4
5729 4
5730 4
5731 4
5732 4
5733 4
5734 4
5735 4
5736 4
5737 4
5738 4
5739 4
5740 4
5741 4
5742 4
5743 4
5744 4
5745 4
5746 4
5747 4
5748 4
5749 4
5750 4
5751 4
5752 4
5753 4
5754 1
5755 1
5756 1
5757 1
5758 1
5759 1
5760 1
5761 1
5762 1
5763 1
5764 1
5765 1
5766 1
5767 1
5768 1
5769 1
5770 1
5771 1
5772 1
5773 1
5774 1
5775 1
5776 1
5777 1
5778 1
5779 1
5780 1
5781 1
5782 1
5783 1
5784 1
5785 1
5786 1
5787 1
5788 1
5789 1
5790 1
5791 1
5792 1
5793 1
5794 1
5795 1
5796 1
5797 1
5798 1
5799 1
5800 1
5801 1
5802 1
5803 1
5804 1
5805 1
5806 1
5807 1
5808 1
5809 1
5810 1
5811 1
5812 4
5813 4
5814 4
5815 4
5816 4
5817 4
5818 4
5819 4
5820 4
5821 4
5822 4
5823 1
5824 1
5825 1
5826 1
5827 1
5828 1
5829 1
5830 1
5831 4
5832 4
5833 4
5834 4
5835 4
5836 1
5837 1
5838 1
5839 1
5840 4
5841 4
5842 4
5843 4
5844 4
5845 4
5846 4
5847 4
5848 4
5849 4
5850 4
5851 4
5852 4
5853 4
5854 4
5855 4
5856 4
5857 4
5858 4
5859 4
5860 4
5861 4
5862 4
5863 4
5864 4
5865 4
5866 4
5867 4
5868 4
5869 4
5870 4
5871 4
5872 1
5873 1
5874 1
5875 1
5876 1
5877 1
5878 1
5879 1
5880 1
5881 1
5882 1
5883 1
5884 1
5885 1
5886 1
5887 1
5888 1
5889 1
5890 1
5891 1
5892 1
5893 1
5894 1
5895 1
5896 1
5897 1
5898 1
5899 1
5900 1
5901 1
5902 1
5903 1
5904 1
5905 1
5906 1
5907 1
5908 1
5909 1
5910 1
5911 1
5912 1
5913 1
5914 1
5915 1
5916 1
5917 1
5918 1
5919 1
5920 1
5921 1
5922 1
5923 1
5924 1
5925 1
5926 1
5927 1
5928 1
5929 1
5930 1
5931 1
5932 1
5933 1
5934 1
5935 1
5936 1
5937 1
5938 1
5939 1
5940 1
5941 1
5942 1
5943 1
5944 1
5945 1
5946 1
5947 1
5948 1
5949 4
5950 4
5951 1
5952 1
5953 2
5954 2
5955 2
5956 2
5957 1
5958 1
5959 2
5960 2
5961 2
5962 2
5963 1
5964 2
5965 2
5966 2
5967 2
5968 2
5969 2
5970 2
5971 2
5972 2
5973 2
5974 2
5975 2
5976 2
5977 2
5978 2
5979 2
5980 2
5981 2
5982 2
5983 2
5984 1
5985 2
5986 1
5987 1
5988 1
5989 1
5990 1
5991 1
5992 1
5993 1
5994 1
5995 1
5996 1
5997 1
5998 1
5999 1
6000 1
6001 1
6002 1
6003 1
6004 1
6005 1
6006 1
6007 1
6008 1
6009 1
6010 1
6011 1
6012 1
6013 1
6014 1
6015 1
6016 1
6017 1
6018 4
6019 1
6020 1
6021 1
6022 1
6023 1
6024 1
6025 1
6026 1
6027 1
6028 1
6029 1
6030 1
6031 1
6032 1
6033 1
6034 1
6035 1
6036 1
6037 1
6038 1
6039 1
6040 1
6041 1
6042 1
6043 1
6044 1
6045 1
6046 1
6047 1
6048 1
6049 1
6050 1
6051 1
6052 1
6053 1
6054 1
6055 1
6056 1
6057 1
6058 1
6059 1
6060 1
6061 1
6062 1
6063 1
6064 1
6065 1
6066 1
6067 1
6068 1
6069 1
6070 1
6071 1
6072 1
6073 1
6074 1
6075 1
6076 1
6077 1
6078 1
6079 1
6080 1
6081 1
6082 1
6083 1
6084 1
6085 1
6086 1
6087 1
6088 1
6089 1
6090 1
6091 1
6092 1
6093 1
6094 1
6095 4
6096 4
6097 4
6098 4
6099 4
6100 4
6101 4
6102 4
6103 4
6104 4
6105 4
6106 4
6107 4
6108 4
6109 4
6110 4
6111 4
6112 4
6113 4
6114 4
6115 4
6116 4
6117 4
6118 4
6119 4
6120 4
6121 4
6122 4
6123 2
6124 2
6125 2
6126 2
6127 2
6128 2
6129 2
6130 2
6131 2
6132 4
6133 4
6134 2
6135 4
6136 2
6137 2
6138 2
6139 2
6140 2
6141 2
6142 2
6143 2
6144 2
6145 2
6146 2
6147 2
6148 2
6149 2
6150 2
6151 2
6152 2
6153 2
6154 2
6155 2
6156 2
6157 2
6158 2
6159 2
6160 2
6161 2
6162 2
6163 2
6164 2
6165 2
6166 4
6167 1
6168 1
6169 1
6170 1
6171 1
6172 1
6173 1
6174 1
6175 1
6176 2
6177 2
6178 1
6179 1
6180 1
6181 1
6182 1
6183 1
6184 1
6185 1
6186 1
6187 1
6188 1
6189 1
6190 1
6191 1
6192 1
6193 1
6194 1
6195 1
6196 1
6197 1
6198 1
6199 1
6200 1
6201 1
6202 1
6203 1
6204 1
6205 1
6206 1
6207 1
6208 1
6209 1
6210 1
6211 1
6212 1
6213 1
6214 1
6215 1
6216 1
6217 1
6218 1
6219 1
6220 1
6221 1
6222 1
6223 1
6224 1
6225 1
6226 1
6227 1
6228 1
6229 1
6230 1
6231 1
6232 1
6233 1
6234 1
6235 1
6236 1
6237 1
6238 1
6239 1
6240 1
6241 1
6242 1
6243 1
6244 1
6245 1
6246 1
6247 1
6248 1
6249 1
6250 1
6251 1
6252 1
6253 1
6254 1
6255 1
6256 1
6257 1
6258 1
6259 1
6260 1
6261 1
6262 1
6263 1
6264 1
6265 1
6266 1
6267 1
6268 1
6269 1
6270 1
6271 1
6272 1
6273 1
6274 1
6275 1
6276 1
6277 1
6278 1
6279 1
6280 1
6281 1
6282 1
6283 1
6284 1
6285 1
6286 1
6287 1
6288 1
6289 1
6290 1
6291 1
6292 1
6293 1
6294 1
6295 1
6296 1
6297 1
6298 1
6299 1
6300 1
6301 1
6302 1
6303 1
6304 1
6305 1
6306 1
6307 1
6308 1
6309 1
6310 1
6311 1
6312 1
6313 1
6314 1
6315 1
6316 1
6317 1
6318 1
6319 1
6320 1
6321 1
6322 1
6323 1
6324 1
6325 1
6326 1
6327 1
6328 1
6329 1
6330 1
6331 1
6332 1
6333 1
6334 1
6335 1
6336 1
6337 1
6338 1
6339 1
6340 1
6341 1
6342 1
6343 1
6344 1
6345 1
6346 1
6347 1
6348 1
6349 1
6350 1
6351 1
6352 1
6353 1
6354 1
6355 1
6356 1
6357 1
6358 1
6359 1
6360 1
6361 1
6362 1
6363 1
6364 1
6365 1
6366 1
6367 1
6368 1
6369 1
6370 1
6371 1
6372 1
6373 1
6374 1
6375 1
6376 1
6377 1
6378 1
6379 1
6380 1
6381 1
6382 1
6383 4
6384 4
6385 4
6386 4
6387 4
6388 4
6389 4
6390 4
6391 4
6392 4
6393 4
6394 4
6395 4
6396 4
6397 4
6398 4
6399 4
6400 4
6401 2
6402 2
6403 2
6404 2
6405 2
6406 2
6407 2
6408 2
6409 2
6410 2
6411 2
6412 2
6413 2
6414 5
6415 5
6416 5
6417 5
6418 2
6419 5
6420 2
6421 5
6422 2
6423 2
6424 2
6425 2
6426 2
6427 2
6428 2
6429 2
6430 2
6431 2
6432 2
6433 2
6434 2
6435 2
6436 2
6437 2
6438 2
6439 2
6440 2
6441 2
6442 2
6443 2
6444 2
6445 2
6446 2
6447 2
6448 2
6449 2
6450 2
6451 2
6452 2
6453 2
6454 1
6455 1
6456 1
6457 1
6458 1
6459 1
6460 1
6461 1
6462 1
6463 1
6464 1
6465 1
6466 1
6467 1
6468 1
6469 1
6470 1
6471 1
6472 1
6473 1
6474 1
6475 1
6476 1
6477 1
6478 1
6479 1
6480 1
6481 1
6482 1
6483 1
6484 1
6485 1
6486 1
6487 1
6488 1
6489 1
6490 1
6491 1
6492 1
6493 1
6494 1
6495 1
6496 1
6497 1
6498 1
6499 1
6500 1
6501 1
6502 1
6503 1
6504 1
6505 1
6506 1
6507 1
6508 1
6509 1
6510 1
6511 1
6512 1
6513 1
6514 1
6515 1
6516 1
6517 1
6518 1
6519 1
6520 1
6521 1
6522 1
6523 1
6524 1
6525 1
6526 1
6527 1
6528 1
6529 1
6530 1
6531 1
6532 1
6533 1
6534 1
6535 1
6536 1
6537 1
6538 1
6539 1
6540 1
6541 1
6542 1
6543 1
6544 1
6545 1
6546 1
6547 1
6548 1
6549 1
6550 1
6551 1
6552 1
6553 1
6554 1
6555 1
6556 1
6557 1
6558 5
6559 5
6560 5
6561 5
6562 5
6563 5
6564 5
6565 5
6566 5
6567 5
6568 5
6569 5
6570 5
6571 5
6572 5
6573 5
6574 5
6575 5
6576 5
6577 2
6578 2
6579 2
6580 2
6581 2
6582 2
6583 2
6584 2
6585 2
6586 2
6587 2
6588 2
6589 2
6590 2
6591 2
6592 2
6593 2
6594 2
6595 2
6596 2
6597 2
6598 2
6599 2
6600 2
6601 2
6602 2
6603 2
6604 2
6605 2
6606 2
6607 2
6608 2
6609 2
6610 2
6611 2
6612 2
6613 2
6614 2
6615 2
6616 2
6617 2
6618 2
6619 2
6620 2
6621 2
6622 2
6623 2
6624 2
6625 2
6626 2
6627 2
6628 2
6629 2
6630 2
6631 2
6632 2
6633 2
6634 2
6635 2
6636 2
6637 2
6638 2
6639 2
6640 2
6641 2
6642 2
6643 2
6644 1
6645 1
6646 2
6647 2
6648 1
6649 1
6650 1
6651 1
6652 2
6653 2
6654 2
6655 2
6656 2
6657 2
6658 2
6659 2
6660 2
6661 2
6662 2
6663 2
6664 2
6665 2
6666 2
6667 2
6668 2
6669 2
6670 2
6671 2
6672 2
6673 2
6674 2
6675 2
6676 2
6677 2
6678 2
6679 2
6680 2
6681 2
6682 2
6683 2
6684 2
6685 2
6686 2
6687 2
6688 2
6689 2
6690 2
6691 2
6692 2
6693 2
6694 2
6695 2
6696 2
6697 2
6698 2
6699 2
6700 2
6701 2
6702 2
6703 2
6704 2
6705 1
6706 1
6707 1
6708 1
6709 1
6710 1
6711 1
6712 1
6713 1
6714 1
6715 1
6716 1
6717 1
6718 1
6719 1
6720 2
6721 2
6722 2
6723 2
6724 2
6725 2
6726 2
6727 2
6728 2
6729 2
6730 2
6731 2
6732 2
6733 2
6734 2
6735 2
6736 2
6737 2
6738 2
6739 2
6740 2
6741 2
6742 2
6743 2
6744 2
6745 2
6746 2
6747 2
6748 2
6749 2
6750 2
6751 2
6752 2
6753 2
6754 2
6755 2
6756 2
6757 2
6758 2
6759 2
6760 2
6761 2
6762 2
6763 2
6764 2
6765 2
6766 2
6767 2
6768 2
6769 2
6770 2
6771 2
6772 2
6773 2
6774 2
6775 2
6776 2
6777 2
6778 2
6779 2
6780 2
6781 2
6782 2
6783 2
6784 2
6785 2
6786 2
6787 2
6788 1
6789 1
6790 2
6791 3
6792 3
6793 3
6794 3
6795 3
6796 3
6797 3
6798 3
6799 3
6800 3
6801 3
6802 3
6803 3
6804 3
6805 3
6806 3
6807 3
6808 3
6809 3
6810 3
6811 3
6812 3
6813 3
6814 3
6815 3
6816 3
6817 3
6818 3
6819 3
6820 3
6821 3
6822 3
6823 3
6824 3
6825 3
6826 3
6827 3
6828 3
6829 3
6830 3
6831 3
6832 3
6833 3
6834 3
6835 3
6836 3
6837 3
6838 5
6839 5
6840 5
6841 5
6842 5
6843 5
6844 5
6845 5
6846 5
6847 5
6848 5
6849 5
6850 5
6851 5
6852 5
6853 5
6854 5
6855 5
6856 5
6857 5
6858 5
6859 5
6860 5
6861 5
6862 5
6863 5
6864 5
6865 5
6866 5
6867 5
6868 5
6869 5
6870 5
6871 5
6872 5
6873 5
6874 5
6875 5
6876 5
6877 5
6878 5
6879 5
6880 5
6881 5
6882 5
6883 5
6884 5
6885 5
6886 5
6887 5
6888 5
6889 5
6890 5
6891 5
6892 5
6893 5
6894 5
6895 5
6896 5
6897 5
6898 5
6899 5
6900 5
6901 5
6902 5
6903 5
6904 5
6905 5
6906 5
6907 5
6908 5
6909 5
6910 5
6911 5
6912 5
6913 5
6914 5
6915 5
6916 5
6917 5
6918 5
6919 5
6920 5
6921 5
6922 5
6923 5
6924 5
6925 5
6926 4
6927 4
6928 4
6929 4
6930 4
6931 4
6932 4
6933 4
6934 4
6935 4
6936 4
6937 4
6938 4
6939 4
6940 4
6941 4
6942 4
6943 4
6944 4
6945 4
6946 4
6947 4
6948 4
6949 4
6950 4
6951 4
6952 4
6953 4
6954 4
6955 4
6956 4
6957 4
6958 2
6959 2
6960 2
6961 2
6962 5
6963 5
6964 5
6965 5
6966 5
6967 5
6968 5
6969 5
6970 5
6971 5
6972 5
6973 5
6974 5
6975 5
6976 5
6977 5
6978 5
6979 5
6980 5
6981 5
6982 5
6983 5
6984 5
6985 5
6986 5
6987 5
6988 5
6989 5
6990 5
6991 5
6992 5
6993 5
6994 5
6995 5
6996 5
6997 5
6998 5
6999 5
7000 5
7001 5
7002 5
7003 5
7004 2
7005 2
7006 2
7007 2
7008 2
7009 2
7010 2
7011 2
7012 2
7013 2
7014 2
7015 2
7016 2
7017 2
7018 2
7019 2
7020 2
7021 2
7022 2
7023 2
7024 2
7025 2
7026 2
7027 2
7028 2
7029 2
7030 2
7031 2
7032 2
7033 2
7034 2
7035 2
7036 2
7037 2
7038 2
7039 2
7040 2
7041 2
7042 2
7043 4
7044 4
7045 4
7046 4
7047 4
7048 4
7049 5
7050 5
7051 5
7052 5
7053 4
7054 4
7055 4
7056 4
7057 4
7058 4
7059 4
7060 4
7061 4
7062 4
7063 5
7064 5
7065 5
7066 5
7067 5
7068 5
7069 5
7070 5
7071 5
7072 5
7073 5
7074 5
7075 5
7076 5
7077 5
7078 5
7079 5
7080 5
7081 5
7082 5
7083 5
7084 5
7085 5
7086 5
7087 5
7088 5
7089 5
7090 5
7091 5
7092 5
7093 5
7094 5
7095 5
7096 2
7097 2
7098 2
7099 2
7100 2
7101 2
7102 2
7103 5
7104 5
7105 2
7106 2
7107 2
7108 2
7109 2
7110 2
7111 2
7112 2
7113 2
7114 2
7115 2
7116 2
7117 2
7118 2
7119 2
7120 2
7121 2
7122 2
7123 2
7124 2
7125 2
7126 2
7127 2
7128 2
7129 2
7130 2
7131 2
7132 2
7133 2
7134 2
7135 2
7136 2
7137 2
7138 2
7139 2
7140 2
7141 2
7142 2
7143 2
7144 2
7145 2
7146 2
7147 2
7148 2
7149 2
7150 2
7151 2
7152 2
7153 2
7154 2
7155 2
7156 2
7157 2
7158 2
7159 2
7160 2
7161 2
7162 2
7163 2
7164 2
7165 2
7166 2
7167 2
7168 2
7169 2
7170 2
7171 2
7172 2
7173 2
7174 2
7175 2
7176 2
7177 2
7178 2
7179 2
7180 2
7181 2
7182 2
7183 2
7184 2
7185 2
7186 2
7187 2
7188 2
7189 2
7190 2
7191 2
7192 2
7193 2
7194 2
7195 2
7196 2
7197 2
7198 2
7199 2
7200 2
7201 2
7202 2
7203 2
7204 2
7205 2
7206 2
7207 2
7208 2
7209 2
7210 2
7211 2
7212 2
7213 2
7214 2
7215 2
7216 2
7217 2
7218 2
7219 2
7220 2
7221 2
7222 2
7223 5
7224 5
7225 5
7226 5
7227 5
7228 5
7229 5
7230 5
7231 5
7232 5
7233 5
7234 5
7235 5
7236 5
7237 5
7238 5
7239 5
7240 5
7241 5
7242 5
7243 2
7244 2
7245 2
7246 2
7247 2
7248 2
7249 2
7250 2
7251 2
7252 2
7253 2
7254 2
7255 2
7256 2
7257 2
7258 2
7259 2
7260 2
7261 2
7262 5
7263 5
7264 5
7265 5
7266 5
7267 5
7268 5
7269 5
7270 5
7271 5
7272 5
7273 5
7274 5
7275 5
7276 5
7277 5
7278 5
7279 5
7280 5
7281 4
7282 4
7283 4
7284 4
7285 4
7286 4
7287 4
7288 4
7289 4
7290 4
7291 4
7292 4
7293 4
7294 4
7295 4
7296 4
7297 4
7298 4
7299 4
7300 4
7301 4
7302 4
7303 4
7304 4
7305 4
7306 4
7307 4
7308 0
7309 0
7310 0
7311 0
7312 0
7313 0
7314 0
7315 0
7316 0
7317 0
7318 3
7319 3
7320 3
7321 3
7322 3
7323 3
7324 3
7325 3
7326 3
7327 3
7328 3
7329 3
7330 3
7331 3
7332 3
7333 3
7334 3
7335 3
7336 3
7337 3
7338 3
7339 3
7340 3
7341 3
7342 3
7343 3
7344 3
7345 3
7346 3
7347 3
7348 3
7349 3
7350 3
7351 3
7352 3
7353 3
7354 3
7355 3
7356 3
7357 3
7358 3
7359 3
7360 3
7361 3
7362 3
7363 3
7364 3
7365 3
7366 3
7367 3
7368 3
7369 3
7370 3
7371 3
7372 3
7373 3
7374 3
7375 3
7376 5
7377 5
7378 5
7379 5
7380 5
7381 5
7382 5
7383 5
7384 5
7385 5
7386 5
7387 5
7388 5
7389 5
7390 5
7391 5
7392 5
7393 5
7394 5
7395 5
7396 5
7397 5
7398 5
7399 5
7400 5
7401 5
7402 5
7403 5
7404 5
7405 5
7406 5
7407 5
7408 5
7409 5
7410 5
7411 5
7412 5
7413 5
7414 5
7415 5
7416 5
7417 5
7418 5
7419 5
7420 5
7421 5
7422 5
7423 5
7424 5
7425 5
7426 5
7427 5
7428 5
7429 5
7430 5
7431 5
7432 5
7433 5
7434 5
7435 5
7436 5
7437 5
7438 5
7439 5
7440 5
7441 5
7442 5
7443 5
7444 5
7445 5
7446 5
7447 5
7448 5
7449 5
7450 5
7451 5
7452 5
7453 5
7454 5
7455 5
7456 5
7457 5
7458 5
7459 5
7460 5
7461 5
7462 5
7463 5
7464 4
7465 4
7466 4
7467 4
7468 4
7469 4
7470 4
7471 4
7472 4
7473 4
7474 4
7475 4
7476 4
7477 4
7478 4
7479 4
7480 4
7481 5
7482 4
7483 5
7484 5
7485 5
7486 5
7487 5
7488 5
7489 5
7490 5
7491 5
7492 5
7493 5
7494 4
7495 4
7496 4
7497 4
7498 4
7499 4
7500 1
7501 1
7502 1
7503 1
7504 1
7505 1
7506 1
7507 1
7508 1
7509 1
7510 1
7511 2
7512 2
7513 2
7514 2
7515 2
7516 2
7517 2
7518 2
7519 2
7520 2
7521 2
7522 2
7523 2
7524 2
7525 2
7526 2
7527 2
7528 2
7529 2
7530 2
7531 2
7532 2
7533 2
7534 2
7535 2
7536 2
7537 2
7538 2
7539 2
7540 2
7541 2
7542 2
7543 2
7544 2
7545 2
7546 2
7547 2
7548 2
7549 2
7550 2
7551 2
7552 2
7553 2
7554 2
7555 2
7556 2
7557 2
7558 2
7559 2
7560 2
7561 2
7562 2
7563 2
7564 2
7565 2
7566 2
7567 2
7568 2
7569 2
7570 2
7571 2
7572 2
7573 2
7574 2
7575 2
7576 2
7577 2
7578 2
7579 2
7580 2
7581 2
7582 2
7583 2
7584 2
7585 2
7586 2
7587 2
7588 2
7589 2
7590 2
7591 2
7592 2
7593 2
7594 2
7595 2
7596 2
7597 2
7598 2
7599 2
7600 2
7601 5
7602 5
7603 5
7604 5
7605 5
7606 5
7607 5
7608 5
7609 5
7610 5
7611 5
7612 5
7613 5
7614 5
7615 5
7616 5
7617 5
7618 5
7619 5
7620 5
7621 5
7622 5
7623 5
7624 5
7625 5
7626 5
7627 5
7628 5
7629 5
7630 5
7631 5
7632 5
7633 5
7634 5
7635 5
7636 5
7637 5
7638 5
7639 5
7640 5
7641 5
7642 5
7643 5
7644 5
7645 5
7646 5
7647 5
7648 5
7649 5
7650 5
7651 5
7652 5
7653 5
7654 5
7655 5
7656 5
7657 5
7658 5
7659 5
7660 5
7661 5
7662 5
7663 5
7664 5
7665 5
7666 5
7667 5
7668 5
7669 5
7670 5
7671 5
7672 5
7673 5
7674 5
7675 5
7676 5
7677 5
7678 5
7679 5
7680 5
7681 5
7682 5
7683 5
7684 5
7685 5
7686 5
7687 5
7688 5
7689 5
7690 5
7691 5
7692 5
7693 5
7694 5
7695 5
7696 5
7697 5
7698 5
7699 5
7700 5
7701 5
7702 5
7703 5
7704 5
7705 5
7706 5
7707 5
7708 5
7709 5
7710 5
7711 5
7712 5
7713 5
7714 5
7715 5
7716 5
7717 5
7718 5
7719 5
7720 5
7721 5
7722 5
7723 5
7724 5
7725 5
7726 5
7727 5
7728 5
7729 2
7730 2
7731 2
7732 2
7733 2
7734 2
7735 2
7736 2
7737 2
7738 2
7739 2
7740 2
7741 2
7742 2
7743 2
7744 2
7745 2
7746 2
7747 2
7748 2
7749 2
7750 2
7751 2
7752 2
7753 2
7754 2
7755 0
7756 0
7757 0
7758 2
7759 2
7760 2
7761 0
7762 0
7763 0
7764 0
7765 0
7766 0
7767 0
7768 0
7769 0
7770 0
7771 0
7772 0
7773 0
7774 0
7775 0
7776 0
7777 0
7778 0
7779 0
7780 0
7781 0
7782 0
7783 0
7784 0
7785 0
7786 0
7787 0
7788 0
7789 0
7790 0
7791 0
7792 0
7793 0
7794 0
7795 0
7796 0
7797 0
7798 0
7799 0
7800 0
7801 0
7802 0
7803 0
7804 0
7805 0
7806 0
7807 0
7808 0
7809 0
7810 0
7811 0
7812 0
7813 0
7814 0
7815 0
7816 0
7817 0
7818 0
7819 0
7820 0
7821 0
7822 0
7823 0
7824 0
7825 0
7826 0
7827 0
7828 0
7829 0
7830 0
7831 0
7832 0
7833 0
7834 0
7835 0
7836 0
7837 0
7838 0
7839 0
7840 0
7841 0
7842 0
7843 0
7844 0
7845 0
7846 0
7847 0
7848 0
7849 0
7850 0
7851 0
7852 0
7853 0
7854 0
7855 0
7856 0
7857 0
7858 0
7859 0
7860 0
7861 0
7862 0
7863 0
7864 0
7865 0
7866 3
7867 3
7868 3
7869 3
7870 3
7871 3
7872 3
7873 3
7874 3
7875 3
7876 3
7877 3
7878 3
7879 3
7880 3
7881 3
7882 3
7883 3
7884 3
7885 3
7886 3
7887 3
7888 3
7889 3
7890 3
7891 3
7892 3
7893 3
7894 3
7895 3
7896 3
7897 3
7898 3
7899 3
7900 3
7901 3
7902 3
7903 3
7904 3
7905 3
7906 3
7907 3
7908 3
7909 3
7910 3
7911 3
7912 3
7913 3
7914 5
7915 5
7916 5
7917 5
7918 5
7919 5
7920 5
7921 5
7922 5
7923 5
7924 5
7925 5
7926 5
7927 5
7928 5
7929 5
7930 0
7931 0
7932 0
7933 0
7934 0
7935 0
7936 0
7937 0
7938 0
7939 0
7940 0
7941 0
7942 0
7943 0
7944 0
7945 0
7946 0
7947 0
7948 0
7949 0
7950 0
7951 0
7952 0
7953 0
7954 0
7955 0
7956 0
7957 0
7958 0
7959 0
7960 0
7961 0
7962 5
7963 5
7964 5
7965 2
7966 2
7967 2
7968 2
7969 2
7970 2
7971 2
7972 2
7973 2
7974 2
7975 2
7976 2
7977 2
7978 2
7979 2
7980 2
7981 2
7982 2
7983 2
7984 2
7985 2
7986 2
7987 2
7988 2
7989 2
7990 2
7991 2
7992 2
7993 2
7994 2
7995 2
7996 2
7997 2
7998 2
7999 2
8000 2
8001 2
8002 2
8003 2
8004 2
8005 2
8006 2
8007 2
8008 2
8009 2
8010 2
8011 2
8012 2
8013 2
8014 2
8015 2
8016 2
8017 2
8018 2
8019 2
8020 2
8021 2
8022 2
8023 2
8024 2
8025 2
8026 2
8027 2
8028 2
8029 2
8030 2
8031 2
8032 2
8033 2
8034 2
8035 0
8036 2
8037 0
8038 0
8039 0
8040 0
8041 0
8042 0
8043 0
8044 0
8045 0
8046 0
8047 0
8048 0
8049 0
8050 0
8051 0
8052 0
8053 0
8054 0
8055 0
8056 0
8057 0
8058 0
8059 0
8060 0
8061 0
8062 0
8063 0
8064 0
8065 0
8066 0
8067 0
8068 0
8069 0
8070 0
8071 0
8072 0
8073 0
8074 0
8075 0
8076 0
8077 0
8078 0
8079 0
8080 0
8081 0
8082 0
8083 0
8084 0
8085 0
8086 0
8087 0
8088 0
8089 0
8090 0
8091 0
8092 0
8093 0
8094 0
8095 0
8096 0
8097 0
8098 0
8099 0
8100 0
8101 3
8102 3
8103 3
8104 3
8105 3
8106 3
8107 3
8108 3
8109 3
8110 3
8111 3
8112 3
8113 3
8114 3
8115 3
8116 3
8117 3
8118 3
8119 3
8120 3
8121 3
8122 3
8123 3
8124 3
8125 3
8126 3
8127 3
8128 3
8129 3
8130 3
8131 3
8132 3
8133 3
8134 3
8135 3
8136 3
8137 3
8138 3
8139 3
8140 3
8141 3
8142 3
8143 3
8144 3
8145 3
8146 3
8147 5
8148 5
8149 5
8150 5
8151 5
8152 5
8153 5
8154 5
8155 5
8156 5
8157 5
8158 5
8159 5
8160 5
8161 5
8162 5
8163 5
8164 5
8165 5
8166 5
8167 5
8168 5
8169 5
8170 5
8171 5
8172 5
8173 5
8174 5
8175 5
8176 5
8177 5
8178 5
8179 5
8180 5
8181 5
8182 5
8183 5
8184 5
8185 5
8186 5
8187 5
8188 5
8189 5
8190 5
8191 5
8192 5
8193 5
8194 5
8195 5
8196 5
8197 5
8198 5
8199 5
8200 5
8201 5
8202 5
8203 5
8204 5
8205 5
8206 5
8207 5
8208 5
8209 0
8210 0
8211 0
8212 0
8213 0
8214 0
8215 0
8216 0
8217 0
8218 0
8219 0
8220 0
8221 0
8222 0
8223 0
8224 0
8225 0
8226 0
8227 3
8228 3
8229 3
8230 3
8231 3
8232 3
8233 3
8234 3
8235 3
8236 3
8237 3
8238 3
8239 3
8240 3
8241 3
8242 3
8243 3
8244 3
8245 3
8246 3
8247 3
8248 3
8249 3
8250 3
8251 3
8252 3
8253 3
8254 3
8255 3
8256 3
8257 3
8258 3
8259 3
8260 3
8261 3
8262 3
8263 3
8264 3
8265 3
8266 3
8267 3
8268 3
8269 3
8270 5
8271 5
8272 5
8273 5
8274 5
8275 5
8276 5
8277 5
8278 5
8279 5
8280 5
8281 5
8282 5
8283 5
8284 5
8285 5
8286 5
8287 5
8288 5
8289 5
8290 5
8291 5
8292 5
8293 5
8294 5
8295 5
8296 5
8297 5
8298 5
8299 5
8300 5
8301 5
8302 5
8303 5
8304 5
8305 5
8306 5
8307 5
8308 5
8309 5
8310 5
8311 5
8312 5
8313 5
8314 5
8315 5
8316 5
8317 5
8318 5
8319 0
8320 0
8321 0
8322 0
8323 0
8324 0
8325 0
8326 0
8327 0
8328 0
8329 0
8330 0
8331 0
8332 0
8333 0
8334 0
8335 0
8336 0
8337 0
8338 0
8339 0
8340 0
8341 0
8342 0
8343 0
8344 0
8345 0
8346 0
8347 0
8348 0
8349 0
8350 0
8351 0
8352 0
8353 0
8354 0
8355 0
8356 0
8357 0
8358 0
8359 0
8360 0
8361 0
8362 0
8363 0
8364 0
8365 0
8366 0
8367 0
8368 0
8369 0
8370 0
8371 0
8372 0
8373 0
8374 0
8375 0
8376 0
8377 0
8378 0
8379 0
8380 0
8381 0
8382 0
8383 0
8384 0
8385 0
8386 0
8387 0
8388 0
8389 0
8390 0
8391 0
8392 3
8393 3
8394 3
8395 3
8396 3
8397 3
8398 3
8399 3
8400 3
8401 3
8402 3
8403 3
8404 3
8405 3
8406 3
8407 3
8408 3
8409 3
8410 3
8411 3
8412 3
8413 3
8414 3
8415 3
8416 3
8417 3
8418 3
8419 3
8420 3
8421 3
8422 3
8423 3
8424 3
8425 3
8426 3
8427 3
8428 3
8429 3
8430 3
8431 3
8432 3
8433 5
8434 5
8435 5
8436 5
8437 5
8438 5
8439 5
8440 5
8441 5
8442 5
8443 5
8444 5
8445 5
8446 5
8447 5
8448 5
8449 5
8450 5
8451 5
8452 5
8453 5
8454 5
8455 5
8456 5
8457 5
8458 5
8459 5
8460 5
8461 5
8462 5
8463 5
8464 5
8465 5
8466 5
8467 5
8468 5
8469 5
8470 5
8471 5
8472 5
8473 5
8474 5
8475 5
8476 5
8477 5
8478 5
8479 5
8480 5
8481 5
8482 5
8483 5
8484 5
8485 5
8486 5
8487 5
8488 2
8489 2
8490 2
8491 2
8492 2
8493 2
8494 2
8495 2
8496 2
8497 2
8498 2
8499 2
8500 2
8501 2
8502 2
8503 2
8504 2
8505 2
8506 2
8507 2
8508 2
8509 2
8510 2
8511 2
8512 2
8513 2
8514 2
8515 2
8516 2
8517 2
8518 2
8519 2
8520 2
8521 2
8522 2
8523 2
8524 2
8525 2
8526 2
8527 2
8528 2
8529 2
8530 2
8531 2
8532 2
8533 2
8534 2
8535 2
8536 2
8537 2
8538 2
8539 2
8540 2
8541 2
8542 3
8543 3
8544 5
8545 5
8546 5
8547 5
8548 5
8549 5
8550 5
8551 5
8552 5
8553 5
8554 5
8555 5
8556 5
8557 5
8558 5
8559 5
8560 5
8561 5
8562 5
8563 5
8564 5
8565 5
8566 2
8567 2
8568 2
8569 2
8570 2
8571 2
8572 2
8573 5
8574 2
8575 2
8576 2
8577 2
8578 2
8579 2
8580 2
8581 2
8582 2
8583 2
8584 2
8585 2
8586 2
8587 2
8588 2
8589 2
8590 2
8591 2
8592 2
8593 2
8594 2
8595 2
8596 2
8597 2
8598 2
8599 2
8600 2
8601 2
8602 2
8603 2
8604 2
8605 2
8606 2
8607 2
8608 2
8609 2
8610 2
8611 2
8612 2
8613 2
8614 2
8615 2
8616 2
8617 2
8618 2
8619 2
8620 2
8621 2
8622 2
8623 2
8624 2
8625 2
8626 2
8627 2
8628 2
8629 2
8630 0
8631 0
8632 0
8633 0
8634 0
8635 0
8636 0
8637 0
8638 0
8639 0
8640 0
8641 0
8642 0
8643 0
8644 0
8645 0
8646 0
8647 0
8648 0
8649 0
8650 0
8651 0
8652 3
8653 3
8654 3
8655 3
8656 3
8657 3
8658 3
8659 3
8660 3
8661 3
8662 3
8663 3
8664 3
8665 3
8666 3
8667 3
8668 3
8669 3
8670 3
8671 3
8672 3
8673 3
8674 3
8675 3
8676 3
8677 3
8678 3
8679 3
8680 3
8681 3
8682 3
8683 3
8684 3
8685 3
8686 3
8687 3
8688 3
8689 3
8690 3
8691 3
8692 3
8693 5
8694 5
8695 5
8696 5
8697 5
8698 5
8699 5
8700 5
8701 5
8702 5
8703 5
8704 5
8705 5
8706 5
8707 5
8708 5
8709 5
8710 5
8711 5
8712 5
8713 2
8714 2
8715 2
8716 2
8717 2
8718 2
8719 2
8720 2
8721 2
8722 2
8723 2
8724 2
8725 2
8726 2
8727 2
8728 2
8729 2
8730 2
8731 2
8732 2
8733 2
8734 2
8735 2
8736 2
8737 2
8738 2
8739 2
8740 2
8741 2
8742 2
8743 0
8744 0
8745 0
8746 0
8747 0
8748 0
8749 0
8750 0
8751 0
8752 0
8753 0
8754 0
8755 3
8756 3
8757 3
8758 3
8759 3
8760 3
8761 3
8762 3
8763 3
8764 3
8765 3
8766 3
8767 3
8768 3
8769 3
8770 3
8771 3
8772 3
8773 3
8774 3
8775 3
8776 3
8777 3
8778 3
8779 3
8780 3
8781 3
8782 3
8783 3
8784 3
8785 3
8786 3
8787 3
8788 3
8789 3
8790 3
8791 3
8792 5
8793 5
8794 5
8795 5
8796 5
8797 5
8798 5
8799 5
8800 5
8801 5
8802 5
8803 5
8804 5
8805 5
8806 5
8807 5
8808 5
8809 5
8810 5
8811 5
8812 5
8813 2
8814 2
8815 2
8816 2
8817 2
8818 2
8819 2
8820 2
8821 2
8822 2
8823 2
8824 2
8825 2
8826 2
8827 2
8828 2
8829 2
8830 2
8831 2
8832 2
8833 2
8834 2
8835 2
8836 2
8837 2
8838 2
8839 2
8840 2
8841 2
8842 2
8843 0
8844 0
8845 0
8846 0
8847 0
8848 0
8849 0
8850 0
8851 0
8852 0
8853 0
8854 0
8855 0
8856 0
8857 0
8858 0
8859 0
8860 0
8861 0
8862 0
8863 0
8864 0
8865 0
8866 0
8867 0
8868 0
8869 0
8870 0
8871 0
8872 0
8873 0
8874 0
8875 0
8876 0
8877 0
8878 0
8879 0
8880 0
8881 0
8882 0
8883 0
8884 0
8885 0
8886 0
8887 0
8888 0
8889 0
8890 0
8891 0
8892 0
8893 0
8894 0
8895 0
8896 0
8897 0
8898 0
8899 0
8900 0
8901 0
8902 0
8903 0
8904 0
8905 0
8906 0
8907 0
8908 0
8909 0
8910 0
8911 0
8912 0
8913 0
8914 0
8915 0
8916 0
8917 0
8918 0
8919 0
8920 0
8921 0
8922 0
8923 0
8924 0
8925 0
8926 0
8927 0
8928 0
8929 0
8930 0
8931 0
8932 0
8933 0
8934 0
8935 0
8936 0
8937 0
8938 0
8939 0
8940 0
8941 0
8942 0
8943 0
8944 3
8945 3
8946 3
8947 3
8948 3
8949 3
8950 3
8951 3
8952 3
8953 3
8954 3
8955 3
8956 3
8957 3
8958 3
8959 3
8960 3
8961 3
8962 3
8963 3
8964 3
8965 3
8966 3
8967 3
8968 3
8969 3
8970 3
8971 3
8972 3
8973 3
8974 3
8975 3
8976 3
8977 3
8978 0
8979 5
8980 5
8981 5
8982 5
8983 5
8984 5
8985 5
8986 5
8987 5
8988 5
8989 5
8990 5
8991 5
8992 5
8993 5
8994 5
8995 2
8996 2
8997 2
8998 2
8999 2
9000 2
9001 2
9002 2
9003 2
9004 2
9005 2
9006 2
9007 2
9008 2
9009 2
9010 2
9011 2
9012 2
9013 2
9014 2
9015 2
9016 2
9017 2
9018 2
9019 2
9020 2
9021 2
9022 2
9023 2
9024 2
9025 0
9026 0
9027 0
9028 0
9029 0
9030 0
9031 0
9032 0
9033 0
9034 0
9035 0
9036 0
9037 0
9038 0
9039 0
9040 0
9041 0
9042 0
9043 0
9044 0
9045 0
9046 0
9047 0
9048 0
9049 0
9050 0
9051 0
9052 0
9053 0
9054 0
9055 0
9056 0
9057 0
9058 0
9059 0
9060 0
9061 0
9062 0
9063 0
9064 0
9065 0
9066 0
9067 0
9068 0
9069 0
9070 0
9071 0
9072 0
9073 0
9074 0
9075 0
9076 0
9077 0
9078 0
9079 0
9080 0
9081 0
9082 0
9083 0
9084 0
9085 0
9086 0
9087 0
9088 0
9089 0
9090 0
9091 0
9092 0
9093 0
9094 5
9095 0
9096 0
9097 0
9098 0
9099 0
9100 0
9101 0
9102 0
9103 0
9104 0
9105 0
9106 0
9107 0
9108 0
9109 0
9110 0
9111 0
9112 0
9113 0
9114 0
9115 0
9116 0
9117 0
9118 3
9119 3
9120 3
9121 3
9122 3
9123 3
9124 3
9125 3
9126 3
9127 3
9128 3
9129 3
9130 3
9131 3
9132 3
9133 3
9134 3
9135 3
9136 3
9137 3
9138 3
9139 3
9140 3
9141 3
9142 0
9143 0
9144 0
9145 0
9146 0
9147 3
9148 0
9149 0
9150 0
9151 0
9152 5
9153 5
9154 5
9155 5
9156 5
9157 5
9158 5
9159 5
9160 5
9161 5
9162 5
9163 5
9164 5
9165 5
9166 2
9167 2
9168 2
9169 2
9170 2
9171 2
9172 2
9173 2
9174 2
9175 2
9176 2
9177 2
9178 2
9179 2
9180 2
9181 2
9182 2
9183 2
9184 2
9185 2
9186 2
9187 2
9188 2
9189 2
9190 2
9191 2
9192 2
9193 2
9194 2
9195 2
9196 0
9197 0
9198 0
9199 0
9200 0
9201 0
9202 0
9203 0
9204 0
9205 0
9206 0
9207 0
9208 0
9209 0
9210 0
9211 0
9212 0
9213 0
9214 0
9215 0
9216 0
9217 0
9218 0
9219 0
9220 0
9221 0
9222 0
9223 0
9224 0
9225 0
9226 0
9227 0
9228 0
9229 0
9230 0
9231 0
9232 0
9233 0
9234 0
9235 0
9236 0
9237 0
9238 0
9239 0
9240 0
9241 0
9242 0
9243 0
9244 0
9245 0
9246 0
9247 0
9248 3
9249 3
9250 3
9251 3
9252 3
9253 3
9254 3
9255 3
9256 3
9257 3
9258 3
9259 3
9260 3
9261 3
9262 3
9263 3
9264 3
9265 3
9266 3
9267 3
9268 0
9269 0
9270 0
9271 0
9272 0
9273 0
9274 0
9275 0
9276 0
9277 0
9278 0
9279 0
9280 5
9281 5
9282 5
9283 5
9284 5
9285 5
9286 5
9287 5
9288 2
9289 2
9290 2
9291 2
9292 2
9293 2
9294 2
9295 2
9296 0
9297 0
9298 0
9299 0
9300 0
9301 0
9302 0
9303 0
9304 0
9305 0
9306 0
9307 0
9308 0
9309 0
9310 0
9311 0
9312 0
9313 0
9314 0
9315 0
9316 0
9317 0
9318 0
9319 0
9320 0
9321 0
9322 0
9323 0
9324 0
9325 0
9326 0
9327 0
9328 0
9329 0
9330 0
9331 0
9332 0
9333 0
9334 0
9335 0
9336 0
9337 0
9338 0
9339 0
9340 0
9341 0
9342 0
9343 0
9344 0
9345 0
9346 0
9347 0
9348 0
9349 0
9350 0
9351 0
9352 0
9353 0
9354 0
9355 0
9356 0
9357 3
9358 3
9359 3
9360 3
9361 3
9362 3
9363 3
9364 3
9365 3
9366 3
9367 3
9368 3
9369 3
9370 0
9371 0
9372 3
9373 0
9374 0
9375 0
9376 0
9377 0
9378 0
9379 0
9380 0
9381 0
9382 0
9383 0
9384 0
9385 0
9386 0
9387 0
9388 0
9389 0
9390 0
9391 0
9392 0
9393 0
9394 0
9395 0
9396 5
9397 5
9398 5
9399 2
9400 2
9401 2
9402 2
9403 2
9404 2
9405 0
9406 0
9407 0
9408 0
9409 0
9410 0
9411 0
9412 0
9413 0
9414 0
9415 0
9416 0
9417 0
9418 0
9419 0
9420 0
9421 0
9422 0
9423 0
9424 0
9425 0
9426 0
9427 0
9428 0
9429 0
9430 0
9431 0
9432 0
9433 0
9434 0
9435 0
9436 0
9437 0
9438 0
9439 0
9440 0
9441 0
9442 0
9443 0
9444 0
9445 0
9446 0
9447 0
9448 0
9449 0
9450 0
9451 0
9452 0
9453 0
9454 0
9455 0
9456 0
9457 0
9458 0
9459 0
9460 0
9461 0
9462 0
9463 0
9464 0
9465 3
9466 3
9467 3
9468 3
9469 3
9470 3
9471 3
9472 3
9473 3
9474 0
9475 0
9476 0
9477 0
9478 0
9479 0
9480 0
9481 0
9482 0
9483 0
9484 0
9485 0
9486 0
9487 0
9488 0
9489 0
9490 0
9491 0
9492 0
9493 0
9494 0
9495 0
9496 0
9497 0
9498 5
9499 0
9500 0
9501 0
9502 0
9503 0
9504 0
9505 0
9506 0
9507 0
9508 0
9509 0
9510 0
9511 0
9512 0
9513 0
9514 0
9515 0
9516 0
9517 0
9518 0
9519 0
9520 0
9521 0
9522 0
9523 0
9524 0
9525 0
9526 0
9527 0
9528 0
9529 0
9530 0
9531 0
9532 0
9533 0
9534 0
9535 0
9536 0
9537 0
9538 0
9539 0
9540 0
9541 0
9542 0
9543 0
9544 0
9545 0
9546 0
9547 0
9548 0
9549 0
9550 0
9551 0
9552 0
9553 0
9554 0
9555 0
9556 0
9557 0
9558 0
9559 0
9560 0
9561 0
9562 0
9563 0
9564 0
9565 0
9566 0
9567 0
9568 0
9569 0
9570 0
9571 0
9572 0
9573 0
9574 0
9575 0
9576 0
9577 0
9578 0
9579 0
9580 0
9581 0
9582 0
9583 0
9584 0
9585 0
9586 0
9587 0
9588 0
9589 0
9590 0
9591 0
9592 0
9593 0
9594 0
9595 0
9596 0
9597 0
9598 0
9599 0
9600 0
9601 0
9602 0
9603 0
9604 0
9605 0
9606 0
9607 0
9608 0
9609 0
9610 0
9611 0
9612 0
9613 0
9614 0
9615 0
9616 0
9617 0
9618 0
9619 0
9620 0
9621 0
9622 0
9623 0
9624 0
9625 0
9626 0
9627 0
9628 0
9629 0
9630 0
9631 0
9632 0
9633 0
9634 0
9635 0
9636 0
9637 0
9638 0
9639 0
9640 0
9641 0
9642 0
9643 0
9644 0
9645 0
9646 0
9647 0
9648 0
9649 0
9650 0
9651 0
9652 0
9653 0
9654 0
9655 0
9656 0
9657 0
9658 0
9659 0
9660 0
9661 0
9662 0
9663 0
9664 0
9665 0
9666 0
9667 0
9668 0
9669 0
9670 1
9671 1
9672 1
9673 1
9674 1
9675 1
9676 1
9677 1
9678 1
9679 1
9680 1
9681 1
9682 1
9683 1
9684 1
9685 1
9686 2
9687 2
9688 2
9689 2
9690 2
9691 1
9692 1
9693 1
9694 4
9695 4
9696 4
9697 4
9698 4
9699 4
9700 4
9701 4
9702 4
9703 4
9704 1
9705 1
9706 1
9707 1
9708 1
9709 1
9710 1
9711 1
9712 1
9713 1
9714 1
9715 1
9716 1
9717 1
9718 1
9719 1
9720 1
9721 2
9722 2
9723 2
9724 2
9725 1
9726 1
9727 1
9728 1
9729 1
9730 1
9731 1
9732 1
9733 1
9734 1
9735 1
9736 1
9737 4
9738 4
9739 1
9740 1
9741 1
9742 1
9743 1
9744 1
9745 2
9746 2
9747 1
9748 1
9749 1
9750 2
9751 0
9752 1
9753 1
9754 1
9755 1
9756 1
9757 1
9758 1
9759 1
9760 1
9761 2
9762 2
9763 5
9764 5
9765 5
9766 2
9767 5
9768 1
9769 1
9770 1
9771 1
9772 1
9773 1
9774 1
9775 2
9776 1
9777 2
9778 1
9779 1
9780 1
9781 1
9782 2
9783 1
9784 2
9785 2
9786 2
9787 2
9788 2
9789 2
9790 5
9791 0
9792 2
9793 1
9794 1
9795 4
9796 2
9797 2
9798 2
9799 1
9800 1
