0 1
1 1
2 5
3 2
4 4
5 8
6 1
7 1
8 1
9 1
10 1
11 1
12 1
13 1
14 1
15 1
16 1
17 1
18 1
19 1
20 1
21 1
22 1
23 1
24 1
25 1
26 1
27 1
28 1
29 1
30 1
31 1
32 1
33 1
34 1
35 1
36 1
37 1
38 1
39 1
40 1
41 1
42 1
43 1
44 1
45 1
46 10
47 10
48 10
49 10
50 10
51 10
52 10
53 10
54 10
55 10
56 10
57 10
58 10
59 10
60 10
61 10
62 10
63 10
64 10
65 10
66 5
67 5
68 5
69 5
70 5
71 5
72 5
73 5
74 5
75 5
76 5
77 5
78 5
79 5
80 5
81 5
82 5
83 5
84 5
85 5
86 5
87 5
88 7
89 7
90 7
91 7
92 7
93 7
94 7
95 7
96 7
97 7
98 7
99 7
100 7
101 7
102 7
103 7
104 7
105 7
106 7
107 7
108 7
109 2
110 2
111 2
112 2
113 2
114 2
115 2
116 2
117 2
118 2
119 2
120 2
121 2
122 2
123 2
124 2
125 2
126 2
127 2
128 2
129 2
130 2
131 2
132 2
133 2
134 2
135 2
136 2
137 2
138 2
139 2
140 2
141 2
142 2
143 2
144 2
145 2
146 2
147 2
148 2
149 2
150 2
151 2
152 2
153 2
154 2
155 2
156 2
157 2
158 2
159 2
160 2
161 2
162 2
163 2
164 2
165 2
166 2
167 2
168 2
169 2
170 2
171 2
172 2
173 2
174 2
175 2
176 2
177 4
178 4
179 4
180 4
181 4
182 4
183 4
184 4
185 4
186 4
187 4
188 4
189 4
190 4
191 4
192 4
193 4
194 4
195 4
196 4
197 4
198 4
199 4
200 4
201 4
202 4
203 4
204 4
205 4
206 4
207 4
208 4
209 4
210 4
211 4
212 4
213 4
214 4
215 4
216 4
217 4
218 4
219 4
220 4
221 4
222 4
223 4
224 4
225 4
226 4
227 4
228 4
229 4
230 4
231 4
232 4
233 4
234 4
235 4
236 4
237 4
238 4
239 4
240 4
241 4
242 4
243 4
244 4
245 4
246 4
247 0
248 0
249 0
250 0
251 0
252 0
253 0
254 0
255 0
256 0
257 0
258 0
259 0
260 0
261 0
262 0
263 0
264 0
265 0
266 0
267 0
268 6
269 6
270 6
271 6
272 6
273 6
274 6
275 6
276 6
277 6
278 6
279 6
280 6
281 6
282 6
283 6
284 6
285 6
286 6
287 6
288 6
289 6
290 3
291 3
292 3
293 3
294 3
295 3
296 3
297 3
298 3
299 3
300 3
301 3
302 3
303 3
304 3
305 3
306 3
307 3
308 3
309 3
310 8
311 8
312 8
313 8
314 8
315 8
316 8
317 8
318 8
319 8
320 8
321 8
322 8
323 8
324 8
325 8
326 8
327 8
328 8
329 8
330 8
331 8
332 8
333 8
334 8
335 8
336 8
337 8
338 8
339 8
340 8
341 8
342 8
343 8
344 8
345 8
346 8
347 8
348 8
349 8
350 8
351 8
352 8
353 8
354 8
355 8
356 8
357 8
358 8
359 8
360 8
361 8
362 8
363 8
364 8
365 8
366 8
367 8
368 8
369 8
370 8
371 8
372 8
373 8
374 8
375 8
376 8
377 8
378 1
379 1
380 1
381 1
382 1
383 1
384 1
385 1
386 1
387 1
388 1
389 1
390 1
391 1
392 1
393 1
394 1
395 1
396 1
397 1
398 1
399 1
400 1
401 1
402 1
403 1
404 1
405 1
406 1
407 1
408 10
409 5
410 10
411 10
412 1
413 1
414 1
415 1
416 1
417 1
418 1
419 1
420 1
421 10
422 10
423 1
424 1
425 1
426 10
427 10
428 5
429 10
430 10
431 0
432 0
433 0
434 0
435 0
436 0
437 0
438 0
439 0
440 0
441 0
442 6
443 6
444 6
445 6
446 6
447 6
448 6
449 6
450 6
451 6
452 6
453 6
454 6
455 6
456 6
457 6
458 6
459 6
460 6
461 6
462 6
463 3
464 3
465 3
466 3
467 3
468 3
469 3
470 3
471 3
472 3
473 3
474 3
475 3
476 3
477 3
478 3
479 3
480 3
481 3
482 3
483 8
484 8
485 8
486 8
487 8
488 8
489 8
490 8
491 8
492 8
493 8
494 8
495 8
496 8
497 8
498 8
499 8
500 8
501 8
502 8
503 8
504 8
505 8
506 8
507 8
508 8
509 8
510 8
511 8
512 8
513 8
514 8
515 8
516 8
517 8
518 8
519 8
520 8
521 8
522 8
523 8
524 8
525 8
526 8
527 8
528 8
529 8
530 8
531 8
532 8
533 8
534 8
535 8
536 8
537 8
538 8
539 8
540 8
541 8
542 8
543 8
544 8
545 8
546 8
547 8
548 8
549 8
550 8
551 8
552 8
553 1
554 1
555 1
556 1
557 1
558 1
559 1
560 1
561 1
562 1
563 1
564 1
565 1
566 1
567 1
568 1
569 1
570 1
571 1
572 1
573 1
574 1
575 1
576 1
577 1
578 1
579 1
580 1
581 1
582 1
583 1
584 1
585 1
586 1
587 1
588 1
589 1
590 1
591 1
592 1
593 1
594 1
595 1
596 1
597 1
598 1
599 1
600 1
601 1
602 1
603 1
604 1
605 1
606 1
607 1
608 1
609 1
610 1
611 1
612 1
613 1
614 1
615 1
616 1
617 1
618 1
619 1
620 1
621 1
622 1
623 1
624 1
625 1
626 1
627 1
628 1
629 1
630 1
631 1
632 1
633 1
634 1
635 1
636 1
637 1
638 1
639 1
640 1
641 1
642 1
643 1
644 1
645 1
646 1
647 1
648 1
649 1
650 1
651 2
652 2
653 2
654 2
655 2
656 2
657 2
658 2
659 2
660 2
661 2
662 2
663 2
664 4
665 4
666 4
667 4
668 4
669 4
670 4
671 4
672 4
673 4
674 4
675 4
676 4
677 4
678 4
679 4
680 4
681 4
682 4
683 4
684 4
685 4
686 4
687 4
688 4
689 4
690 4
691 4
692 4
693 4
694 4
695 4
696 4
697 4
698 4
699 4
700 4
701 4
702 4
703 4
704 4
705 4
706 4
707 4
708 4
709 4
710 4
711 4
712 4
713 4
714 4
715 4
716 4
717 4
718 4
719 4
720 4
721 4
722 4
723 4
724 4
725 4
726 4
727 4
728 4
729 4
730 4
731 4
732 4
733 0
734 0
735 0
736 0
737 0
738 0
739 0
740 0
741 0
742 0
743 0
744 0
745 0
746 0
747 0
748 0
749 0
750 0
751 0
752 0
753 0
754 6
755 6
756 6
757 6
758 6
759 6
760 6
761 6
762 6
763 6
764 6
765 6
766 6
767 6
768 6
769 6
770 6
771 6
772 6
773 6
774 6
775 6
776 3
777 3
778 3
779 3
780 3
781 3
782 3
783 3
784 3
785 3
786 3
787 3
788 3
789 3
790 3
791 3
792 3
793 3
794 3
795 3
796 8
797 8
798 8
799 8
800 8
801 8
802 8
803 8
804 8
805 8
806 8
807 8
808 8
809 8
810 8
811 8
812 8
813 8
814 8
815 8
816 8
817 8
818 8
819 8
820 8
821 8
822 8
823 8
824 8
825 8
826 8
827 8
828 8
829 8
830 8
831 8
832 8
833 8
834 8
835 8
836 8
837 8
838 8
839 8
840 8
841 8
842 8
843 8
844 8
845 8
846 8
847 8
848 8
849 8
850 8
851 8
852 8
853 8
854 8
855 8
856 8
857 8
858 8
859 8
860 8
861 8
862 8
863 8
864 8
865 8
866 1
867 1
868 1
869 1
870 1
871 1
872 1
873 1
874 1
875 1
876 1
877 1
878 1
879 1
880 1
881 1
882 1
883 1
884 1
885 1
886 1
887 1
888 1
889 1
890 1
891 1
892 1
893 1
894 1
895 1
896 1
897 1
898 1
899 1
900 1
901 1
902 1
903 1
904 1
905 1
906 1
907 1
908 1
909 1
910 1
911 1
912 1
913 1
914 1
915 1
916 1
917 1
918 1
919 1
920 1
921 1
922 1
923 2
924 2
925 2
926 2
927 2
928 2
929 2
930 2
931 2
932 2
933 2
934 2
935 2
936 2
937 2
938 2
939 2
940 2
941 2
942 2
943 2
944 2
945 2
946 4
947 4
948 4
949 4
950 4
951 4
952 4
953 4
954 4
955 4
956 4
957 4
958 4
959 4
960 4
961 4
962 4
963 4
964 4
965 4
966 4
967 4
968 4
969 4
970 4
971 4
972 4
973 4
974 4
975 4
976 4
977 4
978 4
979 4
980 4
981 4
982 4
983 4
984 4
985 4
986 4
987 4
988 4
989 4
990 4
991 4
992 4
993 4
994 4
995 4
996 4
997 4
998 4
999 4
1000 4
1001 4
1002 4
1003 4
1004 4
1005 4
1006 4
1007 4
1008 4
1009 4
1010 4
1011 4
1012 0
1013 0
1014 0
1015 0
1016 0
1017 0
1018 0
1019 0
1020 0
1021 0
1022 0
1023 0
1024 0
1025 0
1026 0
1027 0
1028 0
1029 0
1030 0
1031 0
1032 0
1033 0
1034 0
1035 0
1036 6
1037 6
1038 6
1039 6
1040 6
1041 6
1042 6
1043 6
1044 6
1045 6
1046 6
1047 6
1048 6
1049 6
1050 6
1051 6
1052 6
1053 6
1054 6
1055 6
1056 6
1057 3
1058 3
1059 3
1060 3
1061 3
1062 3
1063 3
1064 3
1065 3
1066 3
1067 3
1068 3
1069 3
1070 3
1071 3
1072 3
1073 3
1074 3
1075 3
1076 3
1077 8
1078 8
1079 8
1080 8
1081 8
1082 8
1083 8
1084 8
1085 8
1086 8
1087 8
1088 8
1089 8
1090 8
1091 8
1092 8
1093 8
1094 8
1095 8
1096 8
1097 8
1098 8
1099 8
1100 8
1101 8
1102 8
1103 8
1104 8
1105 8
1106 8
1107 8
1108 8
1109 8
1110 8
1111 8
1112 8
1113 8
1114 8
1115 8
1116 8
1117 8
1118 8
1119 8
1120 8
1121 8
1122 8
1123 8
1124 8
1125 8
1126 8
1127 8
1128 8
1129 8
1130 8
1131 8
1132 8
1133 8
1134 8
1135 8
1136 8
1137 8
1138 8
1139 8
1140 8
1141 8
1142 8
1143 8
1144 8
1145 1
1146 1
1147 1
1148 1
1149 1
1150 1
1151 1
1152 8
1153 8
1154 8
1155 8
1156 8
1157 8
1158 8
1159 8
1160 5
1161 5
1162 7
1163 7
1164 1
1165 1
1166 1
1167 1
1168 1
1169 1
1170 1
1171 1
1172 1
1173 1
1174 5
1175 7
1176 7
1177 7
1178 7
1179 7
1180 7
1181 7
1182 7
1183 7
1184 7
1185 7
1186 7
1187 7
1188 7
1189 7
1190 7
1191 7
1192 7
1193 7
1194 7
1195 7
1196 7
1197 7
1198 7
1199 7
1200 7
1201 7
1202 7
1203 7
1204 2
1205 2
1206 2
1207 2
1208 2
1209 2
1210 2
1211 2
1212 2
1213 2
1214 2
1215 2
1216 2
1217 2
1218 2
1219 2
1220 2
1221 2
1222 2
1223 2
1224 2
1225 2
1226 2
1227 2
1228 2
1229 2
1230 2
1231 2
1232 2
1233 2
1234 2
1235 2
1236 2
1237 2
1238 2
1239 2
1240 2
1241 2
1242 2
1243 2
1244 2
1245 2
1246 2
1247 2
1248 2
1249 2
1250 2
1251 2
1252 2
1253 2
1254 2
1255 2
1256 2
1257 2
1258 2
1259 2
1260 2
1261 2
1262 2
1263 2
1264 2
1265 2
1266 2
1267 2
1268 2
1269 2
1270 2
1271 2
1272 4
1273 4
1274 4
1275 4
1276 4
1277 4
1278 4
1279 4
1280 4
1281 4
1282 4
1283 4
1284 4
1285 4
1286 4
1287 4
1288 4
1289 4
1290 4
1291 4
1292 4
1293 4
1294 4
1295 4
1296 4
1297 4
1298 4
1299 4
1300 4
1301 4
1302 4
1303 4
1304 4
1305 4
1306 4
1307 4
1308 4
1309 4
1310 4
1311 4
1312 4
1313 4
1314 4
1315 4
1316 4
1317 4
1318 4
1319 4
1320 4
1321 4
1322 4
1323 4
1324 4
1325 4
1326 4
1327 4
1328 4
1329 4
1330 4
1331 4
1332 4
1333 4
1334 4
1335 4
1336 4
1337 0
1338 0
1339 0
1340 0
1341 0
1342 0
1343 0
1344 0
1345 0
1346 0
1347 0
1348 0
1349 0
1350 0
1351 0
1352 0
1353 0
1354 0
1355 0
1356 0
1357 0
1358 0
1359 0
1360 6
1361 6
1362 6
1363 6
1364 6
1365 6
1366 6
1367 6
1368 6
1369 6
1370 6
1371 6
1372 6
1373 6
1374 6
1375 6
1376 6
1377 6
1378 6
1379 6
1380 6
1381 3
1382 3
1383 3
1384 3
1385 3
1386 3
1387 3
1388 3
1389 3
1390 3
1391 3
1392 3
1393 3
1394 3
1395 3
1396 3
1397 3
1398 3
1399 3
1400 3
1401 8
1402 8
1403 8
1404 8
1405 8
1406 8
1407 8
1408 8
1409 8
1410 8
1411 8
1412 8
1413 8
1414 8
1415 8
1416 8
1417 8
1418 8
1419 8
1420 8
1421 8
1422 8
1423 8
1424 8
1425 8
1426 8
1427 8
1428 8
1429 8
1430 8
1431 8
1432 8
1433 8
1434 8
1435 8
1436 8
1437 8
1438 8
1439 8
1440 8
1441 8
1442 8
1443 8
1444 8
1445 8
1446 8
1447 8
1448 8
1449 8
1450 8
1451 8
1452 8
1453 8
1454 8
1455 8
1456 8
1457 7
1458 7
1459 7
1460 7
1461 8
1462 8
1463 8
1464 8
1465 8
1466 8
1467 8
1468 8
1469 8
1470 8
1471 8
1472 8
1473 8
1474 5
1475 5
1476 5
1477 5
1478 5
1479 5
1480 5
1481 5
1482 5
1483 5
1484 5
1485 5
1486 5
1487 5
1488 5
1489 5
1490 8
1491 8
1492 8
1493 8
1494 8
1495 8
1496 8
1497 8
1498 8
1499 8
1500 7
1501 7
1502 5
1503 5
1504 5
1505 5
1506 1
1507 1
1508 1
1509 1
1510 1
1511 1
1512 1
1513 1
1514 1
1515 1
1516 1
1517 1
1518 1
1519 1
1520 1
1521 1
1522 1
1523 1
1524 1
1525 1
1526 1
1527 8
1528 8
1529 8
1530 8
1531 8
1532 8
1533 1
1534 8
1535 1
1536 1
1537 1
1538 1
1539 1
1540 1
1541 1
1542 1
1543 1
1544 1
1545 1
1546 2
1547 2
1548 2
1549 2
1550 2
1551 2
1552 2
1553 2
1554 2
1555 2
1556 2
1557 2
1558 2
1559 2
1560 2
1561 2
1562 1
1563 1
1564 1
1565 1
1566 1
1567 1
1568 1
1569 1
1570 1
1571 1
1572 1
1573 1
1574 1
1575 1
1576 1
1577 1
1578 1
1579 1
1580 1
1581 1
1582 1
1583 1
1584 1
1585 1
1586 1
1587 1
1588 1
1589 1
1590 1
1591 1
1592 1
1593 1
1594 1
1595 1
1596 1
1597 1
1598 1
1599 1
1600 1
1601 1
1602 1
1603 5
1604 5
1605 5
1606 5
1607 5
1608 5
1609 5
1610 5
1611 5
1612 5
1613 5
1614 5
1615 5
1616 5
1617 5
1618 5
1619 5
1620 5
1621 5
1622 5
1623 5
1624 5
1625 5
1626 5
1627 5
1628 5
1629 5
1630 5
1631 5
1632 5
1633 5
1634 5
1635 5
1636 5
1637 5
1638 5
1639 5
1640 5
1641 5
1642 5
1643 7
1644 7
1645 7
1646 7
1647 7
1648 7
1649 7
1650 7
1651 7
1652 7
1653 7
1654 7
1655 7
1656 7
1657 7
1658 7
1659 7
1660 7
1661 7
1662 7
1663 7
1664 7
1665 7
1666 7
1667 7
1668 7
1669 7
1670 7
1671 7
1672 7
1673 7
1674 7
1675 7
1676 7
1677 7
1678 7
1679 7
1680 7
1681 7
1682 7
1683 7
1684 7
1685 7
1686 7
1687 7
1688 2
1689 2
1690 2
1691 2
1692 2
1693 2
1694 2
1695 2
1696 2
1697 2
1698 2
1699 2
1700 2
1701 2
1702 2
1703 2
1704 2
1705 2
1706 2
1707 2
1708 2
1709 2
1710 2
1711 2
1712 2
1713 2
1714 2
1715 2
1716 2
1717 2
1718 2
1719 2
1720 2
1721 2
1722 2
1723 2
1724 2
1725 2
1726 2
1727 2
1728 2
1729 2
1730 2
1731 2
1732 2
1733 2
1734 2
1735 2
1736 2
1737 2
1738 2
1739 2
1740 2
1741 2
1742 2
1743 2
1744 2
1745 2
1746 2
1747 2
1748 2
1749 2
1750 2
1751 2
1752 2
1753 2
1754 2
1755 2
1756 2
1757 2
1758 2
1759 2
1760 2
1761 2
1762 2
1763 2
1764 2
1765 2
1766 2
1767 2
1768 2
1769 2
1770 2
1771 2
1772 4
1773 4
1774 4
1775 4
1776 4
1777 4
1778 4
1779 4
1780 4
1781 4
1782 4
1783 4
1784 4
1785 4
1786 4
1787 4
1788 4
1789 4
1790 4
1791 4
1792 4
1793 4
1794 4
1795 4
1796 4
1797 4
1798 4
1799 4
1800 4
1801 4
1802 4
1803 4
1804 4
1805 4
1806 4
1807 4
1808 4
1809 4
1810 4
1811 4
1812 4
1813 4
1814 4
1815 4
1816 4
1817 4
1818 4
1819 4
1820 4
1821 4
1822 4
1823 4
1824 4
1825 4
1826 4
1827 4
1828 0
1829 0
1830 0
1831 0
1832 0
1833 0
1834 0
1835 0
1836 0
1837 0
1838 0
1839 0
1840 0
1841 0
1842 0
1843 0
1844 0
1845 0
1846 0
1847 0
1848 0
1849 0
1850 6
1851 6
1852 6
1853 6
1854 6
1855 6
1856 6
1857 6
1858 6
1859 6
1860 6
1861 6
1862 6
1863 6
1864 6
1865 6
1866 6
1867 6
1868 6
1869 6
1870 6
1871 3
1872 3
1873 3
1874 3
1875 3
1876 3
1877 3
1878 3
1879 3
1880 3
1881 3
1882 3
1883 3
1884 3
1885 3
1886 3
1887 3
1888 3
1889 3
1890 3
1891 8
1892 8
1893 8
1894 8
1895 8
1896 8
1897 8
1898 8
1899 8
1900 8
1901 8
1902 8
1903 8
1904 8
1905 8
1906 8
1907 8
1908 8
1909 8
1910 8
1911 8
1912 8
1913 8
1914 8
1915 8
1916 8
1917 8
1918 8
1919 8
1920 8
1921 8
1922 8
1923 8
1924 8
1925 8
1926 8
1927 8
1928 8
1929 8
1930 8
1931 8
1932 8
1933 8
1934 8
1935 8
1936 8
1937 8
1938 8
1939 8
1940 8
1941 8
1942 8
1943 8
1944 8
1945 8
1946 8
1947 8
1948 8
1949 8
1950 8
1951 8
1952 8
1953 8
1954 8
1955 8
1956 8
1957 1
1958 8
1959 1
1960 1
1961 1
1962 1
1963 1
1964 1
1965 1
1966 6
1967 6
1968 6
1969 6
1970 6
1971 6
1972 6
1973 6
1974 6
1975 6
1976 6
1977 6
1978 6
1979 6
1980 6
1981 6
1982 3
1983 3
1984 3
1985 3
1986 3
1987 3
1988 3
1989 3
1990 3
1991 3
1992 3
1993 3
1994 3
1995 3
1996 3
1997 3
1998 3
1999 3
2000 3
2001 3
2002 8
2003 8
2004 8
2005 8
2006 8
2007 8
2008 8
2009 8
2010 8
2011 8
2012 8
2013 8
2014 8
2015 8
2016 8
2017 8
2018 8
2019 8
2020 8
2021 8
2022 8
2023 8
2024 8
2025 8
2026 8
2027 8
2028 8
2029 8
2030 8
2031 8
2032 8
2033 8
2034 8
2035 8
2036 8
2037 8
2038 8
2039 8
2040 8
2041 8
2042 8
2043 8
2044 8
2045 8
2046 8
2047 8
2048 8
2049 8
2050 8
2051 8
2052 8
2053 8
2054 8
2055 8
2056 8
2057 8
2058 8
2059 8
2060 8
2061 8
2062 8
2063 8
2064 1
2065 1
2066 1
2067 1
2068 1
2069 1
2070 1
2071 1
2072 1
2073 1
2074 1
2075 1
2076 1
2077 1
2078 1
2079 1
2080 1
2081 1
2082 1
2083 1
2084 1
2085 1
2086 1
2087 1
2088 1
2089 1
2090 1
2091 1
2092 1
2093 1
2094 1
2095 1
2096 1
2097 1
2098 4
2099 4
2100 4
2101 4
2102 4
2103 4
2104 4
2105 4
2106 4
2107 4
2108 4
2109 4
2110 4
2111 4
2112 4
2113 4
2114 4
2115 4
2116 4
2117 4
2118 4
2119 4
2120 4
2121 4
2122 4
2123 4
2124 4
2125 4
2126 4
2127 4
2128 4
2129 4
2130 4
2131 4
2132 4
2133 4
2134 4
2135 4
2136 4
2137 0
2138 0
2139 0
2140 0
2141 0
2142 0
2143 0
2144 0
2145 0
2146 0
2147 0
2148 0
2149 0
2150 0
2151 4
2152 4
2153 4
2154 4
2155 4
2156 0
2157 0
2158 0
2159 0
2160 0
2161 0
2162 0
2163 0
2164 0
2165 0
2166 0
2167 0
2168 0
2169 0
2170 0
2171 0
2172 2
2173 2
2174 2
2175 2
2176 2
2177 2
2178 2
2179 1
2180 1
2181 1
2182 1
2183 1
2184 1
2185 1
2186 1
2187 1
2188 1
2189 1
2190 1
2191 1
2192 1
2193 1
2194 1
2195 1
2196 1
2197 1
2198 1
2199 1
2200 1
2201 1
2202 1
2203 1
2204 1
2205 1
2206 1
2207 1
2208 1
2209 1
2210 1
2211 1
2212 1
2213 1
2214 1
2215 1
2216 1
2217 1
2218 10
2219 10
2220 10
2221 10
2222 10
2223 2
2224 2
2225 2
2226 2
2227 2
2228 2
2229 2
2230 2
2231 2
2232 2
2233 2
2234 2
2235 2
2236 2
2237 2
2238 2
2239 2
2240 2
2241 7
2242 2
2243 2
2244 2
2245 2
2246 2
2247 2
2248 1
2249 1
2250 1
2251 1
2252 1
2253 2
2254 2
2255 2
2256 2
2257 2
2258 2
2259 2
2260 2
2261 2
2262 2
2263 2
2264 2
2265 2
2266 2
2267 2
2268 2
2269 2
2270 2
2271 2
2272 4
2273 4
2274 4
2275 4
2276 4
2277 4
2278 4
2279 4
2280 4
2281 4
2282 4
2283 4
2284 4
2285 4
2286 4
2287 4
2288 4
2289 4
2290 4
2291 4
2292 4
2293 4
2294 4
2295 4
2296 4
2297 4
2298 4
2299 4
2300 4
2301 4
2302 4
2303 4
2304 4
2305 4
2306 4
2307 4
2308 4
2309 4
2310 4
2311 4
2312 4
2313 4
2314 4
2315 4
2316 4
2317 4
2318 4
2319 4
2320 4
2321 4
2322 4
2323 4
2324 4
2325 4
2326 4
2327 4
2328 4
2329 4
2330 4
2331 4
2332 4
2333 0
2334 0
2335 0
2336 0
2337 0
2338 0
2339 0
2340 0
2341 0
2342 0
2343 0
2344 0
2345 0
2346 0
2347 0
2348 0
2349 0
2350 0
2351 0
2352 0
2353 0
2354 0
2355 0
2356 0
2357 6
2358 6
2359 6
2360 6
2361 6
2362 6
2363 6
2364 6
2365 6
2366 6
2367 6
2368 6
2369 6
2370 6
2371 6
2372 6
2373 6
2374 6
2375 6
2376 6
2377 6
2378 3
2379 3
2380 3
2381 3
2382 3
2383 3
2384 3
2385 3
2386 3
2387 3
2388 3
2389 3
2390 3
2391 3
2392 3
2393 3
2394 3
2395 3
2396 3
2397 3
2398 8
2399 8
2400 8
2401 8
2402 8
2403 8
2404 8
2405 8
2406 8
2407 8
2408 8
2409 8
2410 8
2411 8
2412 8
2413 8
2414 8
2415 8
2416 8
2417 8
2418 8
2419 8
2420 8
2421 8
2422 8
2423 8
2424 8
2425 8
2426 8
2427 8
2428 8
2429 8
2430 8
2431 8
2432 8
2433 8
2434 8
2435 8
2436 8
2437 8
2438 8
2439 8
2440 8
2441 8
2442 8
2443 8
2444 8
2445 8
2446 8
2447 8
2448 8
2449 8
2450 8
2451 8
2452 8
2453 8
2454 8
2455 8
2456 8
2457 8
2458 8
2459 8
2460 8
2461 8
2462 8
2463 1
2464 1
2465 1
2466 1
2467 1
2468 1
2469 1
2470 1
2471 1
2472 1
2473 1
2474 1
2475 1
2476 1
2477 1
2478 1
2479 7
2480 7
2481 7
2482 1
2483 1
2484 1
2485 1
2486 1
2487 1
2488 1
2489 1
2490 7
2491 5
2492 5
2493 5
2494 7
2495 7
2496 7
2497 7
2498 7
2499 7
2500 7
2501 7
2502 1
2503 1
2504 1
2505 1
2506 1
2507 1
2508 1
2509 1
2510 1
2511 1
2512 1
2513 8
2514 8
2515 8
2516 8
2517 8
2518 8
2519 8
2520 8
2521 8
2522 8
2523 8
2524 8
2525 8
2526 8
2527 8
2528 8
2529 8
2530 8
2531 8
2532 8
2533 8
2534 8
2535 8
2536 8
2537 8
2538 8
2539 8
2540 8
2541 8
2542 8
2543 8
2544 8
2545 10
2546 10
2547 10
2548 10
2549 10
2550 10
2551 10
2552 8
2553 8
2554 8
2555 8
2556 8
2557 8
2558 8
2559 8
2560 2
2561 2
2562 2
2563 2
2564 2
2565 2
2566 2
2567 2
2568 2
2569 2
2570 8
2571 2
2572 2
2573 2
2574 2
2575 2
2576 2
2577 2
2578 2
2579 2
2580 2
2581 4
2582 4
2583 4
2584 4
2585 4
2586 4
2587 4
2588 4
2589 4
2590 4
2591 4
2592 4
2593 4
2594 4
2595 4
2596 4
2597 4
2598 4
2599 4
2600 4
2601 4
2602 4
2603 4
2604 4
2605 4
2606 4
2607 4
2608 4
2609 4
2610 4
2611 4
2612 4
2613 4
2614 4
2615 4
2616 4
2617 4
2618 4
2619 4
2620 4
2621 4
2622 4
2623 4
2624 4
2625 4
2626 4
2627 4
2628 4
2629 4
2630 4
2631 4
2632 4
2633 4
2634 4
2635 4
2636 4
2637 4
2638 4
2639 4
2640 4
2641 4
2642 4
2643 4
2644 4
2645 0
2646 0
2647 0
2648 0
2649 0
2650 0
2651 0
2652 0
2653 0
2654 0
2655 0
2656 0
2657 0
2658 0
2659 0
2660 0
2661 0
2662 0
2663 0
2664 0
2665 0
2666 0
2667 0
2668 6
2669 6
2670 6
2671 6
2672 6
2673 6
2674 6
2675 6
2676 6
2677 6
2678 6
2679 6
2680 6
2681 6
2682 6
2683 6
2684 6
2685 6
2686 6
2687 6
2688 6
2689 3
2690 3
2691 3
2692 3
2693 3
2694 3
2695 3
2696 3
2697 3
2698 3
2699 3
2700 3
2701 3
2702 3
2703 3
2704 3
2705 3
2706 3
2707 3
2708 3
2709 3
2710 8
2711 8
2712 8
2713 8
2714 8
2715 8
2716 8
2717 8
2718 8
2719 8
2720 8
2721 8
2722 8
2723 8
2724 8
2725 8
2726 8
2727 8
2728 8
2729 8
2730 8
2731 8
2732 8
2733 8
2734 8
2735 8
2736 8
2737 8
2738 8
2739 8
2740 8
2741 8
2742 8
2743 8
2744 8
2745 8
2746 8
2747 8
2748 8
2749 8
2750 8
2751 2
2752 2
2753 2
2754 2
2755 2
2756 2
2757 2
2758 2
2759 2
2760 2
2761 2
2762 2
2763 2
2764 2
2765 2
2766 2
2767 2
2768 2
2769 2
2770 2
2771 2
2772 2
2773 2
2774 2
2775 2
2776 2
2777 2
2778 2
2779 2
2780 4
2781 4
2782 4
2783 4
2784 4
2785 4
2786 4
2787 4
2788 4
2789 4
2790 4
2791 4
2792 4
2793 4
2794 4
2795 4
2796 4
2797 4
2798 4
2799 4
2800 4
2801 4
2802 4
2803 4
2804 2
2805 2
2806 2
2807 2
2808 2
2809 7
2810 7
2811 7
2812 7
2813 7
2814 7
2815 7
2816 7
2817 7
2818 7
2819 7
2820 7
2821 7
2822 7
2823 7
2824 4
2825 4
2826 4
2827 4
2828 4
2829 4
2830 4
2831 4
2832 4
2833 4
2834 4
2835 4
2836 4
2837 4
2838 4
2839 4
2840 4
2841 10
2842 10
2843 10
2844 10
2845 10
2846 10
2847 10
2848 10
2849 10
2850 10
2851 10
2852 10
2853 10
2854 10
2855 10
2856 10
2857 10
2858 10
2859 10
2860 10
2861 5
2862 5
2863 5
2864 5
2865 5
2866 5
2867 5
2868 5
2869 7
2870 7
2871 7
2872 7
2873 7
2874 7
2875 7
2876 7
2877 7
2878 7
2879 7
2880 7
2881 7
2882 7
2883 7
2884 7
2885 7
2886 5
2887 7
2888 7
2889 7
2890 7
2891 7
2892 7
2893 2
2894 2
2895 2
2896 2
2897 2
2898 2
2899 2
2900 2
2901 2
2902 2
2903 2
2904 2
2905 2
2906 2
2907 2
2908 2
2909 2
2910 2
2911 2
2912 2
2913 2
2914 2
2915 2
2916 2
2917 2
2918 2
2919 2
2920 2
2921 2
2922 2
2923 2
2924 4
2925 4
2926 4
2927 4
2928 4
2929 4
2930 4
2931 4
2932 4
2933 4
2934 4
2935 4
2936 4
2937 4
2938 4
2939 4
2940 4
2941 4
2942 4
2943 4
2944 4
2945 4
2946 4
2947 4
2948 4
2949 4
2950 4
2951 4
2952 4
2953 4
2954 4
2955 4
2956 4
2957 4
2958 4
2959 4
2960 4
2961 4
2962 4
2963 4
2964 4
2965 4
2966 4
2967 4
2968 4
2969 4
2970 4
2971 4
2972 4
2973 4
2974 4
2975 4
2976 4
2977 4
2978 4
2979 4
2980 4
2981 4
2982 4
2983 0
2984 0
2985 0
2986 0
2987 0
2988 0
2989 0
2990 0
2991 0
2992 0
2993 0
2994 0
2995 0
2996 0
2997 0
2998 0
2999 0
3000 0
3001 0
3002 0
3003 3
3004 3
3005 3
3006 3
3007 3
3008 3
3009 3
3010 8
3011 8
3012 8
3013 8
3014 8
3015 8
3016 8
3017 8
3018 8
3019 8
3020 8
3021 8
3022 8
3023 8
3024 8
3025 8
3026 8
3027 8
3028 8
3029 8
3030 8
3031 8
3032 8
3033 8
3034 8
3035 8
3036 8
3037 8
3038 8
3039 8
3040 8
3041 8
3042 8
3043 8
3044 8
3045 8
3046 8
3047 8
3048 8
3049 8
3050 8
3051 8
3052 8
3053 8
3054 8
3055 8
3056 8
3057 8
3058 8
3059 8
3060 8
3061 8
3062 8
3063 8
3064 8
3065 8
3066 8
3067 8
3068 8
3069 8
3070 8
3071 8
3072 8
3073 8
3074 8
3075 8
3076 8
3077 8
3078 8
3079 8
3080 8
3081 8
3082 1
3083 1
3084 1
3085 1
3086 1
3087 1
3088 1
3089 1
3090 1
3091 8
3092 8
3093 5
3094 5
3095 1
3096 1
3097 7
3098 1
3099 1
3100 1
3101 1
3102 1
3103 1
3104 1
3105 1
3106 1
3107 8
3108 8
3109 8
3110 8
3111 8
3112 1
3113 1
3114 1
3115 1
3116 1
3117 1
3118 1
3119 1
3120 1
3121 1
3122 1
3123 1
3124 1
3125 1
3126 1
3127 1
3128 1
3129 1
3130 1
3131 1
3132 1
3133 1
3134 1
3135 1
3136 1
3137 1
3138 1
3139 7
3140 7
3141 7
3142 7
3143 7
3144 7
3145 7
3146 7
3147 7
3148 1
3149 1
3150 1
3151 1
3152 1
3153 1
3154 1
3155 1
3156 1
3157 1
3158 1
3159 1
3160 1
3161 1
3162 10
3163 10
3164 10
3165 10
3166 10
3167 10
3168 10
3169 10
3170 10
3171 10
3172 10
3173 10
3174 10
3175 10
3176 10
3177 10
3178 10
3179 10
3180 10
3181 7
3182 5
3183 5
3184 5
3185 5
3186 5
3187 5
3188 7
3189 5
3190 5
3191 2
3192 5
3193 5
3194 5
3195 5
3196 5
3197 2
3198 2
3199 2
3200 2
3201 2
3202 2
3203 2
3204 2
3205 2
3206 2
3207 2
3208 2
3209 2
3210 2
3211 2
3212 2
3213 2
3214 5
3215 5
3216 5
3217 1
3218 1
3219 1
3220 1
3221 1
3222 1
3223 1
3224 1
3225 1
3226 1
3227 1
3228 1
3229 1
3230 1
3231 1
3232 1
3233 1
3234 1
3235 1
3236 1
3237 1
3238 1
3239 1
3240 1
3241 1
3242 4
3243 4
3244 4
3245 4
3246 4
3247 4
3248 4
3249 4
3250 4
3251 4
3252 4
3253 4
3254 4
3255 4
3256 4
3257 4
3258 4
3259 4
3260 4
3261 4
3262 4
3263 4
3264 4
3265 4
3266 4
3267 4
3268 4
3269 4
3270 4
3271 4
3272 4
3273 4
3274 4
3275 0
3276 0
3277 0
3278 3
3279 3
3280 3
3281 3
3282 3
3283 3
3284 3
3285 3
3286 3
3287 3
3288 3
3289 3
3290 3
3291 3
3292 3
3293 3
3294 3
3295 3
3296 3
3297 3
3298 3
3299 8
3300 8
3301 8
3302 8
3303 8
3304 8
3305 8
3306 8
3307 8
3308 8
3309 8
3310 8
3311 8
3312 8
3313 8
3314 8
3315 8
3316 8
3317 8
3318 8
3319 8
3320 8
3321 8
3322 8
3323 8
3324 8
3325 8
3326 8
3327 8
3328 8
3329 8
3330 1
3331 1
3332 1
3333 1
3334 1
3335 1
3336 1
3337 1
3338 1
3339 1
3340 1
3341 1
3342 1
3343 1
3344 1
3345 1
3346 1
3347 1
3348 1
3349 8
3350 8
3351 8
3352 8
3353 8
3354 8
3355 8
3356 8
3357 8
3358 1
3359 1
3360 1
3361 1
3362 1
3363 1
3364 1
3365 1
3366 1
3367 1
3368 8
3369 8
3370 8
3371 8
3372 8
3373 1
3374 8
3375 8
3376 8
3377 8
3378 8
3379 8
3380 1
3381 1
3382 1
3383 1
3384 8
3385 1
3386 1
3387 1
3388 1
3389 1
3390 1
3391 6
3392 6
3393 6
3394 6
3395 2
3396 2
3397 2
3398 2
3399 2
3400 2
3401 2
3402 2
3403 2
3404 2
3405 2
3406 2
3407 2
3408 2
3409 2
3410 2
3411 2
3412 7
3413 7
3414 7
3415 7
3416 2
3417 2
3418 2
3419 2
3420 2
3421 2
3422 2
3423 2
3424 2
3425 2
3426 2
3427 2
3428 2
3429 2
3430 2
3431 2
3432 2
3433 2
3434 2
3435 2
3436 5
3437 5
3438 5
3439 5
3440 5
3441 5
3442 2
3443 2
3444 2
3445 2
3446 2
3447 2
3448 2
3449 2
3450 10
3451 5
3452 5
3453 5
3454 2
3455 2
3456 2
3457 2
3458 2
3459 2
3460 2
3461 2
3462 2
3463 2
3464 2
3465 2
3466 2
3467 2
3468 2
3469 2
3470 2
3471 2
3472 2
3473 2
3474 2
3475 2
3476 2
3477 2
3478 2
3479 2
3480 2
3481 2
3482 2
3483 2
3484 1
3485 1
3486 1
3487 1
3488 1
3489 1
3490 1
3491 1
3492 1
3493 1
3494 1
3495 1
3496 1
3497 1
3498 1
3499 2
3500 2
3501 1
3502 1
3503 1
3504 1
3505 5
3506 5
3507 5
3508 5
3509 5
3510 5
3511 5
3512 5
3513 5
3514 5
3515 5
3516 5
3517 5
3518 5
3519 5
3520 5
3521 5
3522 5
3523 5
3524 5
3525 5
3526 5
3527 5
3528 5
3529 5
3530 5
3531 5
3532 5
3533 5
3534 5
3535 5
3536 5
3537 5
3538 5
3539 5
3540 5
3541 5
3542 5
3543 5
3544 5
3545 0
3546 0
3547 0
3548 0
3549 0
3550 0
3551 0
3552 0
3553 0
3554 0
3555 0
3556 0
3557 0
3558 0
3559 0
3560 0
3561 0
3562 0
3563 0
3564 0
3565 0
3566 0
3567 6
3568 6
3569 6
3570 6
3571 6
3572 6
3573 6
3574 6
3575 6
3576 6
3577 6
3578 6
3579 6
3580 6
3581 6
3582 6
3583 6
3584 6
3585 6
3586 6
3587 6
3588 6
3589 3
3590 3
3591 3
3592 3
3593 3
3594 3
3595 3
3596 3
3597 3
3598 3
3599 3
3600 3
3601 3
3602 3
3603 3
3604 3
3605 3
3606 3
3607 3
3608 3
3609 3
3610 8
3611 8
3612 8
3613 8
3614 8
3615 8
3616 8
3617 8
3618 8
3619 8
3620 8
3621 8
3622 8
3623 8
3624 8
3625 8
3626 8
3627 8
3628 8
3629 8
3630 8
3631 8
3632 8
3633 8
3634 8
3635 8
3636 8
3637 8
3638 8
3639 8
3640 8
3641 8
3642 8
3643 8
3644 8
3645 8
3646 8
3647 8
3648 8
3649 1
3650 1
3651 1
3652 1
3653 1
3654 1
3655 1
3656 1
3657 1
3658 1
3659 1
3660 1
3661 1
3662 1
3663 1
3664 1
3665 1
3666 1
3667 1
3668 1
3669 1
3670 1
3671 1
3672 1
3673 1
3674 1
3675 1
3676 1
3677 1
3678 1
3679 2
3680 2
3681 2
3682 2
3683 2
3684 1
3685 2
3686 2
3687 2
3688 2
3689 2
3690 2
3691 2
3692 2
3693 2
3694 2
3695 2
3696 2
3697 2
3698 2
3699 2
3700 2
3701 2
3702 2
3703 2
3704 2
3705 2
3706 2
3707 2
3708 2
3709 2
3710 2
3711 2
3712 4
3713 4
3714 4
3715 4
3716 4
3717 4
3718 4
3719 4
3720 4
3721 4
3722 4
3723 4
3724 4
3725 4
3726 4
3727 4
3728 4
3729 4
3730 4
3731 4
3732 4
3733 4
3734 4
3735 4
3736 4
3737 4
3738 4
3739 4
3740 4
3741 4
3742 4
3743 4
3744 4
3745 4
3746 4
3747 4
3748 4
3749 4
3750 4
3751 4
3752 4
3753 4
3754 4
3755 4
3756 4
3757 4
3758 4
3759 4
3760 1
3761 1
3762 1
3763 1
3764 1
3765 1
3766 1
3767 1
3768 1
3769 1
3770 5
3771 5
3772 5
3773 5
3774 7
3775 7
3776 7
3777 2
3778 7
3779 2
3780 2
3781 2
3782 2
3783 2
3784 2
3785 2
3786 2
3787 2
3788 2
3789 2
3790 2
3791 2
3792 2
3793 2
3794 2
3795 2
3796 2
3797 2
3798 2
3799 2
3800 2
3801 2
3802 2
3803 2
3804 2
3805 2
3806 2
3807 2
3808 2
3809 0
3810 0
3811 0
3812 0
3813 0
3814 0
3815 0
3816 0
3817 0
3818 0
3819 0
3820 0
3821 0
3822 0
3823 6
3824 0
3825 0
3826 0
3827 0
3828 0
3829 0
3830 0
3831 0
3832 0
3833 0
3834 0
3835 0
3836 0
3837 0
3838 0
3839 0
3840 0
3841 0
3842 0
3843 0
3844 0
3845 0
3846 0
3847 0
3848 6
3849 6
3850 6
3851 1
3852 1
3853 0
3854 0
3855 0
3856 0
3857 0
3858 0
3859 0
3860 6
3861 1
3862 1
3863 1
3864 0
3865 0
3866 0
3867 0
3868 0
3869 0
3870 0
3871 0
3872 0
3873 0
3874 6
3875 6
3876 6
3877 6
3878 6
3879 6
3880 1
3881 1
3882 1
3883 1
3884 1
3885 1
3886 1
3887 1
3888 6
3889 6
3890 6
3891 6
3892 2
3893 2
3894 2
3895 2
3896 2
3897 2
3898 2
3899 2
3900 2
3901 2
3902 2
3903 8
3904 8
3905 8
3906 8
3907 8
3908 8
3909 8
3910 8
3911 8
3912 8
3913 8
3914 8
3915 8
3916 8
3917 8
3918 8
3919 8
3920 8
3921 8
3922 8
3923 8
3924 8
3925 8
3926 1
3927 8
3928 8
3929 8
3930 8
3931 8
3932 8
3933 8
3934 8
3935 8
3936 8
3937 8
3938 8
3939 8
3940 8
3941 8
3942 8
3943 8
3944 1
3945 1
3946 1
3947 1
3948 1
3949 1
3950 1
3951 1
3952 2
3953 2
3954 2
3955 2
3956 2
3957 2
3958 5
3959 7
3960 7
3961 7
3962 1
3963 1
3964 1
3965 1
3966 1
3967 1
3968 1
3969 1
3970 1
3971 1
3972 2
3973 2
3974 2
3975 2
3976 2
3977 2
3978 2
3979 2
3980 2
3981 2
3982 2
3983 2
3984 2
3985 2
3986 4
3987 4
3988 4
3989 4
3990 4
3991 4
3992 4
3993 4
3994 4
3995 4
3996 4
3997 4
3998 4
3999 4
4000 4
4001 4
4002 4
4003 4
4004 4
4005 4
4006 4
4007 4
4008 4
4009 4
4010 4
4011 4
4012 4
4013 4
4014 4
4015 4
4016 4
4017 4
4018 4
4019 4
4020 4
4021 4
4022 4
4023 4
4024 4
4025 4
4026 4
4027 4
4028 4
4029 4
4030 4
4031 4
4032 4
4033 4
4034 4
4035 4
4036 4
4037 4
4038 1
4039 1
4040 1
4041 4
4042 4
4043 4
4044 4
4045 4
4046 4
4047 4
4048 4
4049 4
4050 4
4051 4
4052 4
4053 4
4054 4
4055 4
4056 4
4057 4
4058 4
4059 4
4060 4
4061 4
4062 4
4063 0
4064 0
4065 0
4066 0
4067 0
4068 0
4069 0
4070 4
4071 4
4072 4
4073 4
4074 4
4075 4
4076 4
4077 4
4078 4
4079 4
4080 4
4081 4
4082 4
4083 4
4084 4
4085 4
4086 7
4087 7
4088 7
4089 7
4090 7
4091 7
4092 7
4093 7
4094 7
4095 7
4096 5
4097 5
4098 5
4099 5
4100 2
4101 2
4102 2
4103 2
4104 2
4105 2
4106 2
4107 2
4108 2
4109 2
4110 2
4111 2
4112 2
4113 2
4114 2
4115 2
4116 5
4117 5
4118 5
4119 5
4120 5
4121 5
4122 5
4123 5
4124 5
4125 5
4126 5
4127 5
4128 5
4129 5
4130 5
4131 5
4132 5
4133 5
4134 5
4135 5
4136 5
4137 5
4138 5
4139 5
4140 5
4141 6
4142 6
4143 6
4144 6
4145 6
4146 6
4147 6
4148 6
4149 6
4150 3
4151 3
4152 3
4153 3
4154 3
4155 3
4156 3
4157 3
4158 3
4159 3
4160 3
4161 3
4162 3
4163 3
4164 3
4165 3
4166 3
4167 3
4168 3
4169 3
4170 3
4171 8
4172 8
4173 8
4174 8
4175 8
4176 8
4177 8
4178 8
4179 8
4180 8
4181 8
4182 8
4183 8
4184 8
4185 8
4186 8
4187 8
4188 8
4189 8
4190 8
4191 8
4192 8
4193 8
4194 8
4195 8
4196 8
4197 8
4198 8
4199 8
4200 8
4201 8
4202 8
4203 8
4204 8
4205 8
4206 8
4207 8
4208 4
4209 4
4210 4
4211 4
4212 4
4213 4
4214 4
4215 4
4216 4
4217 4
4218 4
4219 4
4220 4
4221 4
4222 4
4223 4
4224 4
4225 4
4226 4
4227 4
4228 4
4229 4
4230 4
4231 7
4232 4
4233 4
4234 4
4235 4
4236 6
4237 6
4238 2
4239 2
4240 2
4241 2
4242 2
4243 2
4244 2
4245 2
4246 2
4247 2
4248 2
4249 2
4250 1
4251 6
4252 6
4253 6
4254 6
4255 6
4256 6
4257 6
4258 6
4259 6
4260 6
4261 6
4262 6
4263 6
4264 6
4265 6
4266 6
4267 6
4268 6
4269 6
4270 6
4271 6
4272 6
4273 6
4274 6
4275 6
4276 6
4277 6
4278 3
4279 3
4280 3
4281 3
4282 3
4283 3
4284 3
4285 3
4286 3
4287 3
4288 3
4289 3
4290 3
4291 3
4292 3
4293 3
4294 3
4295 3
4296 3
4297 3
4298 3
4299 8
4300 8
4301 8
4302 8
4303 8
4304 8
4305 8
4306 8
4307 8
4308 8
4309 8
4310 8
4311 8
4312 8
4313 8
4314 8
4315 8
4316 8
4317 8
4318 8
4319 8
4320 8
4321 8
4322 8
4323 8
4324 8
4325 8
4326 8
4327 8
4328 8
4329 8
4330 8
4331 8
4332 8
4333 8
4334 8
4335 8
4336 8
4337 8
4338 8
4339 8
4340 8
4341 8
4342 8
4343 8
4344 8
4345 8
4346 8
4347 8
4348 8
4349 8
4350 8
4351 8
4352 8
4353 8
4354 8
4355 8
4356 8
4357 1
4358 1
4359 1
4360 1
4361 8
4362 8
4363 8
4364 1
4365 5
4366 5
4367 5
4368 1
4369 1
4370 1
4371 1
4372 5
4373 5
4374 5
4375 5
4376 5
4377 5
4378 7
4379 7
4380 7
4381 7
4382 7
4383 7
4384 7
4385 7
4386 7
4387 7
4388 7
4389 7
4390 7
4391 2
4392 2
4393 2
4394 2
4395 5
4396 5
4397 5
4398 5
4399 5
4400 5
4401 5
4402 2
4403 2
4404 2
4405 0
4406 0
4407 0
4408 0
4409 0
4410 5
4411 5
4412 5
4413 5
4414 5
4415 5
4416 2
4417 2
4418 2
4419 2
4420 0
4421 0
4422 0
4423 0
4424 0
4425 6
4426 6
4427 6
4428 6
4429 8
4430 8
4431 8
4432 8
4433 8
4434 8
4435 8
4436 8
4437 8
4438 8
4439 4
4440 4
4441 4
4442 4
4443 4
4444 4
4445 4
4446 4
4447 4
4448 4
4449 4
4450 4
4451 4
4452 4
4453 4
4454 4
4455 4
4456 4
4457 4
4458 4
4459 4
4460 4
4461 4
4462 4
4463 4
4464 4
4465 4
4466 4
4467 4
4468 4
4469 4
4470 4
4471 4
4472 4
4473 4
4474 4
4475 4
4476 4
4477 4
4478 4
4479 4
4480 4
4481 4
4482 4
4483 4
4484 4
4485 4
4486 4
4487 4
4488 4
4489 4
4490 4
4491 4
4492 4
4493 4
4494 4
4495 4
4496 4
4497 4
4498 4
4499 4
4500 4
4501 4
4502 4
4503 2
4504 2
4505 2
4506 2
4507 2
4508 2
4509 2
4510 2
4511 4
4512 4
4513 4
4514 10
4515 10
4516 10
4517 10
4518 10
4519 10
4520 10
4521 10
4522 5
4523 5
4524 5
4525 5
4526 5
4527 5
4528 5
4529 5
4530 5
4531 5
4532 5
4533 5
4534 5
4535 5
4536 5
4537 10
4538 10
4539 10
4540 10
4541 10
4542 10
4543 10
4544 10
4545 5
4546 10
4547 10
4548 10
4549 10
4550 10
4551 10
4552 10
4553 10
4554 10
4555 10
4556 10
4557 10
4558 10
4559 10
4560 10
4561 10
4562 10
4563 10
4564 10
4565 10
4566 8
4567 8
4568 8
4569 8
4570 8
4571 8
4572 8
4573 8
4574 8
4575 8
4576 8
4577 8
4578 8
4579 8
4580 8
4581 8
4582 8
4583 8
4584 8
4585 8
4586 8
4587 8
4588 8
4589 8
4590 8
4591 8
4592 8
4593 8
4594 8
4595 8
4596 8
4597 8
4598 8
4599 8
4600 8
4601 8
4602 8
4603 8
4604 8
4605 8
4606 8
4607 8
4608 8
4609 8
4610 8
4611 8
4612 8
4613 1
4614 1
4615 1
4616 1
4617 1
4618 1
4619 1
4620 1
4621 1
4622 1
4623 1
4624 1
4625 1
4626 1
4627 1
4628 1
4629 1
4630 1
4631 1
4632 1
4633 1
4634 1
4635 1
4636 1
4637 1
4638 1
4639 1
4640 1
4641 1
4642 1
4643 0
4644 6
4645 6
4646 6
4647 6
4648 5
4649 5
4650 10
4651 10
4652 10
4653 10
4654 10
4655 10
4656 10
4657 10
4658 4
4659 4
4660 4
4661 2
4662 2
4663 2
4664 2
4665 2
4666 5
4667 10
4668 10
4669 4
4670 4
4671 4
4672 4
4673 4
4674 4
4675 4
4676 4
4677 4
4678 4
4679 4
4680 4
4681 4
4682 4
4683 4
4684 4
4685 4
4686 4
4687 4
4688 2
4689 2
4690 2
4691 2
4692 2
4693 2
4694 2
4695 2
4696 2
4697 2
4698 2
4699 2
4700 2
4701 2
4702 2
4703 2
4704 2
4705 2
4706 2
4707 2
4708 2
4709 2
4710 2
4711 2
4712 2
4713 2
4714 4
4715 4
4716 4
4717 4
4718 4
4719 4
4720 4
4721 4
4722 4
4723 4
4724 4
4725 4
4726 4
4727 4
4728 4
4729 6
4730 6
4731 6
4732 6
4733 4
4734 4
4735 4
4736 4
4737 4
4738 4
4739 2
4740 2
4741 2
4742 2
4743 2
4744 2
4745 2
4746 2
4747 2
4748 2
4749 2
4750 2
4751 2
4752 2
4753 2
4754 0
4755 0
4756 0
4757 2
4758 2
4759 0
4760 0
4761 0
4762 0
4763 0
4764 0
4765 0
4766 0
4767 0
4768 0
4769 0
4770 0
4771 3
4772 3
4773 8
4774 8
4775 8
4776 8
4777 8
4778 8
4779 8
4780 8
4781 8
4782 8
4783 8
4784 8
4785 8
4786 8
4787 8
4788 8
4789 8
4790 8
4791 8
4792 8
4793 8
4794 8
4795 8
4796 8
4797 8
4798 8
4799 8
4800 8
4801 8
4802 8
4803 8
4804 8
4805 8
4806 8
4807 8
4808 8
4809 8
4810 8
4811 8
4812 8
4813 8
4814 8
4815 8
4816 8
4817 8
4818 8
4819 8
4820 8
4821 8
4822 8
4823 8
4824 8
4825 8
4826 8
4827 8
4828 8
4829 8
4830 8
4831 8
4832 8
4833 8
4834 8
4835 8
4836 8
4837 1
4838 1
4839 1
4840 1
4841 1
4842 1
4843 8
4844 8
4845 8
4846 8
4847 8
4848 8
4849 8
4850 8
4851 1
4852 1
4853 1
4854 1
4855 1
4856 1
4857 1
4858 1
4859 1
4860 1
4861 1
4862 1
4863 1
4864 1
4865 1
4866 1
4867 1
4868 1
4869 1
4870 1
4871 1
4872 1
4873 1
4874 1
4875 1
4876 1
4877 1
4878 1
4879 1
4880 1
4881 1
4882 1
4883 1
4884 1
4885 1
4886 1
4887 1
4888 1
4889 1
4890 1
4891 1
4892 1
4893 1
4894 1
4895 1
4896 1
4897 1
4898 1
4899 1
4900 1
4901 1
4902 1
4903 1
4904 1
4905 1
4906 1
4907 1
4908 1
4909 1
4910 1
4911 1
4912 1
4913 1
4914 1
4915 1
4916 1
4917 1
4918 8
4919 8
4920 8
4921 8
4922 8
4923 3
4924 3
4925 3
4926 3
4927 3
4928 3
4929 3
4930 3
4931 3
4932 3
4933 3
4934 3
4935 8
4936 8
4937 8
4938 8
4939 8
4940 8
4941 8
4942 8
4943 8
4944 8
4945 8
4946 8
4947 8
4948 8
4949 8
4950 8
4951 8
4952 8
4953 8
4954 8
4955 8
4956 8
4957 8
4958 8
4959 8
4960 8
4961 8
4962 8
4963 8
4964 8
4965 4
4966 4
4967 4
4968 4
4969 4
4970 4
4971 4
4972 4
4973 4
4974 4
4975 4
4976 4
4977 4
4978 4
4979 4
4980 4
4981 4
4982 4
4983 4
4984 4
4985 4
4986 4
4987 4
4988 4
4989 4
4990 4
4991 4
4992 4
4993 4
4994 4
4995 4
4996 4
4997 4
4998 4
4999 4
5000 4
5001 0
5002 4
5003 2
5004 2
5005 2
5006 0
5007 0
5008 0
5009 0
5010 0
5011 0
5012 0
5013 0
5014 0
5015 0
5016 0
5017 0
5018 0
5019 0
5020 0
5021 0
5022 0
5023 0
5024 0
5025 0
5026 0
5027 0
5028 0
5029 0
5030 0
5031 0
5032 0
5033 0
5034 0
5035 0
5036 0
5037 0
5038 0
5039 0
5040 0
5041 0
5042 0
5043 6
5044 6
5045 6
5046 3
5047 3
5048 3
5049 3
5050 3
5051 3
5052 3
5053 3
5054 3
5055 3
5056 3
5057 3
5058 3
5059 3
5060 3
5061 3
5062 3
5063 3
5064 3
5065 8
5066 8
5067 8
5068 8
5069 8
5070 8
5071 8
5072 8
5073 8
5074 8
5075 8
5076 8
5077 8
5078 8
5079 8
5080 8
5081 8
5082 8
5083 8
5084 8
5085 8
5086 8
5087 8
5088 8
5089 8
5090 8
5091 8
5092 8
5093 8
5094 8
5095 8
5096 8
5097 8
5098 8
5099 8
5100 8
5101 8
5102 8
5103 8
5104 8
5105 8
5106 8
5107 8
5108 8
5109 8
5110 8
5111 8
5112 8
5113 8
5114 8
5115 8
5116 8
5117 8
5118 8
5119 8
5120 8
5121 8
5122 8
5123 1
5124 1
5125 1
5126 1
5127 1
5128 1
5129 1
5130 1
5131 1
5132 1
5133 1
5134 1
5135 1
5136 1
5137 1
5138 1
5139 1
5140 1
5141 1
5142 1
5143 1
5144 1
5145 1
5146 1
5147 1
5148 1
5149 1
5150 1
5151 8
5152 8
5153 8
5154 8
5155 1
5156 10
5157 10
5158 2
5159 2
5160 2
5161 2
5162 2
5163 2
5164 2
5165 2
5166 0
5167 0
5168 0
5169 0
5170 2
5171 2
5172 2
5173 2
5174 2
5175 2
5176 2
5177 4
5178 4
5179 4
5180 4
5181 4
5182 4
5183 4
5184 4
5185 4
5186 4
5187 4
5188 4
5189 4
5190 4
5191 4
5192 4
5193 4
5194 4
5195 4
5196 4
5197 4
5198 4
5199 4
5200 4
5201 4
5202 4
5203 4
5204 4
5205 4
5206 4
5207 4
5208 4
5209 4
5210 4
5211 4
5212 4
5213 4
5214 4
5215 4
5216 4
5217 4
5218 4
5219 4
5220 4
5221 4
5222 4
5223 4
5224 4
5225 4
5226 4
5227 4
5228 4
5229 4
5230 0
5231 6
5232 6
5233 6
5234 6
5235 10
5236 10
5237 10
5238 0
5239 0
5240 0
5241 0
5242 0
5243 0
5244 0
5245 0
5246 0
5247 0
5248 0
5249 0
5250 3
5251 3
5252 8
5253 8
5254 8
5255 8
5256 8
5257 8
5258 8
5259 8
5260 8
5261 8
5262 8
5263 8
5264 8
5265 8
5266 8
5267 8
5268 8
5269 8
5270 8
5271 8
5272 8
5273 8
5274 8
5275 8
5276 8
5277 8
5278 8
5279 8
5280 8
5281 8
5282 8
5283 8
5284 8
5285 8
5286 8
5287 8
5288 8
5289 8
5290 8
5291 8
5292 8
5293 8
5294 8
5295 8
5296 8
5297 8
5298 8
5299 8
5300 8
5301 8
5302 8
5303 8
5304 8
5305 8
5306 8
5307 8
5308 8
5309 8
5310 8
5311 8
5312 8
5313 8
5314 8
5315 8
5316 8
5317 8
5318 8
5319 1
5320 1
5321 1
5322 1
5323 1
5324 1
5325 1
5326 1
5327 1
5328 1
5329 1
5330 1
5331 1
5332 1
5333 1
5334 1
5335 1
5336 1
5337 1
5338 1
5339 1
5340 1
5341 1
5342 1
5343 1
5344 1
5345 1
5346 1
5347 1
5348 1
5349 1
5350 1
5351 1
5352 1
5353 1
5354 1
5355 1
5356 1
5357 1
5358 1
5359 1
5360 1
5361 1
5362 1
5363 1
5364 1
5365 1
5366 1
5367 1
5368 1
5369 1
5370 1
5371 1
5372 1
5373 1
5374 1
5375 1
5376 8
5377 8
5378 8
5379 8
5380 10
5381 7
5382 7
5383 7
5384 7
5385 7
5386 7
5387 7
5388 7
5389 7
5390 7
5391 7
5392 1
5393 1
5394 1
5395 1
5396 1
5397 1
5398 1
5399 1
5400 1
5401 1
5402 1
5403 4
5404 4
5405 4
5406 4
5407 4
5408 4
5409 4
5410 4
5411 4
5412 4
5413 4
5414 4
5415 4
5416 4
5417 4
5418 4
5419 4
5420 4
5421 4
5422 4
5423 4
5424 4
5425 4
5426 4
5427 4
5428 4
5429 4
5430 4
5431 4
5432 4
5433 4
5434 4
5435 4
5436 4
5437 4
5438 4
5439 4
5440 4
5441 4
5442 4
5443 4
5444 4
5445 4
5446 4
5447 4
5448 6
5449 6
5450 6
5451 6
5452 6
5453 6
5454 6
5455 6
5456 6
5457 6
5458 6
5459 6
5460 6
5461 6
5462 6
5463 6
5464 6
5465 6
5466 6
5467 6
5468 6
5469 6
5470 6
5471 6
5472 6
5473 3
5474 3
5475 3
5476 3
5477 3
5478 3
5479 3
5480 3
5481 3
5482 3
5483 3
5484 3
5485 3
5486 3
5487 3
5488 3
5489 3
5490 3
5491 3
5492 3
5493 3
5494 3
5495 8
5496 8
5497 8
5498 8
5499 8
5500 8
5501 8
5502 8
5503 8
5504 8
5505 8
5506 8
5507 8
5508 8
5509 8
5510 8
5511 8
5512 8
5513 8
5514 8
5515 8
5516 8
5517 8
5518 8
5519 8
5520 8
5521 8
5522 8
5523 8
5524 8
5525 8
5526 8
5527 8
5528 8
5529 8
5530 8
5531 8
5532 8
5533 8
5534 8
5535 8
5536 8
5537 8
5538 8
5539 8
5540 8
5541 8
5542 8
5543 8
5544 8
5545 8
5546 8
5547 8
5548 8
5549 8
5550 8
5551 8
5552 8
5553 8
5554 8
5555 8
5556 8
5557 8
5558 8
5559 1
5560 1
5561 1
5562 1
5563 1
5564 1
5565 1
5566 1
5567 1
5568 10
5569 10
5570 10
5571 1
5572 1
5573 1
5574 1
5575 1
5576 1
5577 1
5578 1
5579 1
5580 1
5581 1
5582 1
5583 1
5584 1
5585 1
5586 1
5587 1
5588 1
5589 1
5590 1
5591 1
5592 1
5593 10
5594 1
5595 1
5596 1
5597 1
5598 1
5599 10
5600 10
5601 1
5602 1
5603 1
5604 1
5605 1
5606 1
5607 1
5608 1
5609 1
5610 1
5611 10
5612 10
5613 10
5614 10
5615 10
5616 7
5617 7
5618 7
5619 7
5620 7
5621 3
5622 3
5623 3
5624 3
5625 3
5626 3
5627 8
5628 8
5629 8
5630 8
5631 8
5632 8
5633 8
5634 8
5635 8
5636 8
5637 8
5638 8
5639 8
5640 8
5641 8
5642 8
5643 8
5644 8
5645 8
5646 8
5647 8
5648 0
5649 0
5650 0
5651 0
5652 0
5653 0
5654 3
5655 3
5656 3
5657 3
5658 3
5659 3
5660 3
5661 3
5662 3
5663 3
5664 3
5665 3
5666 3
5667 3
5668 3
5669 8
5670 8
5671 8
5672 8
5673 8
5674 8
5675 8
5676 8
5677 8
5678 8
5679 8
5680 8
5681 8
5682 8
5683 8
5684 8
5685 8
5686 8
5687 8
5688 8
5689 8
5690 8
5691 8
5692 8
5693 8
5694 8
5695 8
5696 8
5697 8
5698 8
5699 8
5700 8
5701 8
5702 8
5703 8
5704 8
5705 8
5706 8
5707 8
5708 8
5709 8
5710 8
5711 1
5712 1
5713 1
5714 1
5715 1
5716 1
5717 1
5718 8
5719 8
5720 8
5721 8
5722 8
5723 8
5724 8
5725 8
5726 8
5727 8
5728 8
5729 8
5730 8
5731 8
5732 8
5733 3
5734 3
5735 3
5736 3
5737 3
5738 8
5739 3
5740 3
5741 3
5742 3
5743 3
5744 3
5745 10
5746 3
5747 8
5748 1
5749 10
5750 10
5751 10
5752 10
5753 1
5754 10
5755 10
5756 10
5757 10
5758 10
5759 10
5760 10
5761 10
5762 10
5763 10
5764 10
5765 10
5766 10
5767 10
5768 10
5769 1
5770 10
5771 1
5772 1
5773 1
5774 1
5775 10
5776 10
5777 10
5778 10
5779 10
5780 10
5781 10
5782 10
5783 10
5784 10
5785 10
5786 10
5787 10
5788 10
5789 10
5790 10
5791 10
5792 10
5793 10
5794 1
5795 1
5796 1
5797 1
5798 1
5799 1
5800 1
5801 1
5802 1
5803 1
5804 1
5805 1
5806 1
5807 1
5808 1
5809 1
5810 1
5811 1
5812 3
5813 3
5814 3
5815 3
5816 3
5817 3
5818 3
5819 3
5820 3
5821 3
5822 3
5823 1
5824 1
5825 1
5826 1
5827 1
5828 1
5829 1
5830 1
5831 3
5832 3
5833 3
5834 3
5835 3
5836 1
5837 1
5838 1
5839 1
5840 3
5841 3
5842 3
5843 3
5844 3
5845 3
5846 3
5847 3
5848 3
5849 3
5850 3
5851 3
5852 3
5853 3
5854 3
5855 3
5856 3
5857 3
5858 8
5859 3
5860 8
5861 8
5862 8
5863 8
5864 8
5865 8
5866 8
5867 8
5868 8
5869 8
5870 8
5871 8
5872 1
5873 1
5874 1
5875 1
5876 1
5877 1
5878 1
5879 1
5880 1
5881 1
5882 1
5883 1
5884 1
5885 1
5886 1
5887 1
5888 1
5889 1
5890 1
5891 1
5892 1
5893 1
5894 1
5895 1
5896 1
5897 1
5898 1
5899 1
5900 1
5901 1
5902 1
5903 1
5904 1
5905 1
5906 1
5907 1
5908 1
5909 1
5910 1
5911 1
5912 1
5913 1
5914 1
5915 1
5916 1
5917 1
5918 1
5919 1
5920 1
5921 1
5922 1
5923 1
5924 1
5925 1
5926 1
5927 1
5928 1
5929 1
5930 1
5931 1
5932 1
5933 1
5934 1
5935 1
5936 1
5937 1
5938 1
5939 1
5940 1
5941 1
5942 1
5943 1
5944 1
5945 1
5946 1
5947 1
5948 1
5949 10
5950 10
5951 10
5952 10
5953 10
5954 10
5955 10
5956 10
5957 10
5958 10
5959 10
5960 10
5961 10
5962 10
5963 10
5964 10
5965 10
5966 10
5967 10
5968 10
5969 10
5970 10
5971 10
5972 10
5973 10
5974 10
5975 10
5976 10
5977 10
5978 10
5979 10
5980 10
5981 10
5982 10
5983 10
5984 10
5985 10
5986 10
5987 10
5988 10
5989 10
5990 10
5991 10
5992 10
5993 10
5994 10
5995 10
5996 10
5997 10
5998 10
5999 10
6000 10
6001 10
6002 10
6003 10
6004 10
6005 10
6006 10
6007 10
6008 10
6009 10
6010 10
6011 10
6012 10
6013 10
6014 10
6015 10
6016 10
6017 10
6018 3
6019 1
6020 1
6021 1
6022 1
6023 1
6024 1
6025 1
6026 1
6027 1
6028 1
6029 1
6030 1
6031 1
6032 1
6033 1
6034 1
6035 1
6036 1
6037 1
6038 1
6039 1
6040 1
6041 1
6042 1
6043 1
6044 1
6045 1
6046 1
6047 1
6048 1
6049 1
6050 1
6051 1
6052 1
6053 1
6054 1
6055 1
6056 1
6057 1
6058 1
6059 1
6060 1
6061 1
6062 1
6063 1
6064 1
6065 1
6066 1
6067 1
6068 1
6069 1
6070 1
6071 1
6072 1
6073 1
6074 1
6075 1
6076 1
6077 1
6078 1
6079 1
6080 1
6081 1
6082 1
6083 1
6084 1
6085 1
6086 1
6087 1
6088 1
6089 1
6090 1
6091 1
6092 1
6093 1
6094 1
6095 8
6096 8
6097 8
6098 8
6099 8
6100 3
6101 3
6102 3
6103 3
6104 3
6105 3
6106 3
6107 3
6108 3
6109 3
6110 3
6111 3
6112 3
6113 10
6114 10
6115 3
6116 10
6117 10
6118 10
6119 10
6120 10
6121 10
6122 10
6123 10
6124 10
6125 10
6126 10
6127 10
6128 10
6129 10
6130 3
6131 10
6132 3
6133 3
6134 3
6135 3
6136 3
6137 11
6138 11
6139 11
6140 11
6141 11
6142 11
6143 11
6144 11
6145 11
6146 11
6147 10
6148 11
6149 10
6150 11
6151 10
6152 10
6153 10
6154 10
6155 10
6156 10
6157 10
6158 10
6159 10
6160 10
6161 10
6162 10
6163 10
6164 10
6165 10
6166 10
6167 10
6168 10
6169 10
6170 10
6171 10
6172 10
6173 10
6174 10
6175 10
6176 10
6177 10
6178 10
6179 10
6180 10
6181 10
6182 10
6183 10
6184 10
6185 10
6186 10
6187 10
6188 10
6189 10
6190 10
6191 10
6192 10
6193 10
6194 10
6195 10
6196 10
6197 10
6198 10
6199 10
6200 10
6201 10
6202 1
6203 10
6204 10
6205 1
6206 1
6207 1
6208 1
6209 1
6210 1
6211 1
6212 1
6213 1
6214 1
6215 1
6216 1
6217 1
6218 1
6219 1
6220 1
6221 1
6222 1
6223 1
6224 1
6225 1
6226 1
6227 1
6228 1
6229 1
6230 1
6231 1
6232 1
6233 1
6234 1
6235 1
6236 1
6237 1
6238 1
6239 1
6240 1
6241 1
6242 1
6243 1
6244 1
6245 1
6246 1
6247 1
6248 1
6249 1
6250 1
6251 1
6252 1
6253 1
6254 1
6255 1
6256 1
6257 1
6258 1
6259 1
6260 1
6261 1
6262 1
6263 1
6264 1
6265 1
6266 1
6267 1
6268 1
6269 1
6270 1
6271 1
6272 1
6273 1
6274 1
6275 1
6276 1
6277 1
6278 1
6279 1
6280 1
6281 1
6282 1
6283 1
6284 1
6285 1
6286 1
6287 1
6288 1
6289 1
6290 1
6291 1
6292 1
6293 1
6294 1
6295 1
6296 1
6297 1
6298 1
6299 1
6300 1
6301 1
6302 1
6303 1
6304 1
6305 1
6306 1
6307 1
6308 1
6309 1
6310 1
6311 1
6312 1
6313 1
6314 1
6315 1
6316 1
6317 1
6318 1
6319 1
6320 1
6321 1
6322 1
6323 1
6324 1
6325 1
6326 1
6327 1
6328 1
6329 1
6330 1
6331 1
6332 1
6333 1
6334 1
6335 1
6336 1
6337 1
6338 1
6339 1
6340 1
6341 1
6342 1
6343 1
6344 1
6345 1
6346 1
6347 1
6348 1
6349 1
6350 1
6351 1
6352 1
6353 1
6354 1
6355 1
6356 1
6357 1
6358 1
6359 1
6360 1
6361 1
6362 10
6363 10
6364 10
6365 10
6366 10
6367 10
6368 10
6369 10
6370 10
6371 10
6372 10
6373 10
6374 10
6375 10
6376 10
6377 10
6378 10
6379 10
6380 10
6381 10
6382 10
6383 8
6384 8
6385 3
6386 3
6387 3
6388 3
6389 3
6390 3
6391 3
6392 3
6393 3
6394 3
6395 3
6396 3
6397 3
6398 3
6399 3
6400 3
6401 11
6402 11
6403 11
6404 11
6405 11
6406 11
6407 11
6408 11
6409 11
6410 11
6411 11
6412 11
6413 11
6414 11
6415 11
6416 11
6417 11
6418 11
6419 11
6420 11
6421 11
6422 11
6423 11
6424 11
6425 11
6426 11
6427 11
6428 11
6429 11
6430 11
6431 11
6432 11
6433 11
6434 11
6435 11
6436 11
6437 11
6438 11
6439 10
6440 10
6441 10
6442 10
6443 10
6444 10
6445 10
6446 10
6447 10
6448 10
6449 10
6450 10
6451 10
6452 10
6453 10
6454 1
6455 1
6456 1
6457 1
6458 1
6459 1
6460 1
6461 1
6462 10
6463 10
6464 10
6465 10
6466 10
6467 10
6468 10
6469 10
6470 10
6471 1
6472 1
6473 1
6474 1
6475 1
6476 1
6477 1
6478 1
6479 1
6480 1
6481 1
6482 1
6483 1
6484 1
6485 1
6486 1
6487 1
6488 1
6489 1
6490 1
6491 1
6492 1
6493 1
6494 1
6495 1
6496 1
6497 1
6498 1
6499 1
6500 1
6501 1
6502 1
6503 1
6504 1
6505 1
6506 1
6507 1
6508 1
6509 1
6510 1
6511 1
6512 1
6513 1
6514 1
6515 1
6516 1
6517 1
6518 1
6519 1
6520 1
6521 1
6522 1
6523 1
6524 1
6525 1
6526 1
6527 1
6528 1
6529 1
6530 1
6531 1
6532 1
6533 1
6534 1
6535 1
6536 1
6537 1
6538 1
6539 1
6540 1
6541 1
6542 1
6543 1
6544 1
6545 1
6546 1
6547 1
6548 1
6549 1
6550 1
6551 1
6552 1
6553 1
6554 1
6555 1
6556 1
6557 1
6558 11
6559 11
6560 11
6561 11
6562 11
6563 11
6564 11
6565 11
6566 11
6567 11
6568 11
6569 11
6570 11
6571 11
6572 11
6573 11
6574 11
6575 11
6576 11
6577 11
6578 11
6579 11
6580 11
6581 11
6582 11
6583 11
6584 11
6585 11
6586 11
6587 11
6588 11
6589 11
6590 11
6591 11
6592 11
6593 11
6594 10
6595 10
6596 10
6597 10
6598 10
6599 10
6600 10
6601 10
6602 10
6603 10
6604 10
6605 10
6606 10
6607 10
6608 10
6609 10
6610 10
6611 10
6612 10
6613 10
6614 10
6615 10
6616 10
6617 10
6618 10
6619 10
6620 10
6621 10
6622 10
6623 10
6624 10
6625 10
6626 10
6627 10
6628 10
6629 10
6630 10
6631 10
6632 10
6633 10
6634 10
6635 10
6636 10
6637 10
6638 10
6639 10
6640 10
6641 10
6642 10
6643 10
6644 10
6645 10
6646 10
6647 10
6648 10
6649 10
6650 10
6651 10
6652 10
6653 10
6654 10
6655 10
6656 10
6657 10
6658 10
6659 10
6660 10
6661 10
6662 10
6663 10
6664 10
6665 10
6666 10
6667 10
6668 10
6669 10
6670 10
6671 10
6672 10
6673 10
6674 10
6675 10
6676 10
6677 10
6678 10
6679 10
6680 10
6681 10
6682 10
6683 10
6684 10
6685 10
6686 10
6687 10
6688 10
6689 10
6690 10
6691 10
6692 10
6693 5
6694 5
6695 5
6696 10
6697 5
6698 10
6699 10
6700 10
6701 10
6702 10
6703 5
6704 5
6705 1
6706 1
6707 1
6708 1
6709 1
6710 1
6711 1
6712 1
6713 1
6714 1
6715 1
6716 1
6717 1
6718 1
6719 1
6720 11
6721 11
6722 11
6723 11
6724 11
6725 11
6726 11
6727 11
6728 11
6729 11
6730 11
6731 11
6732 11
6733 11
6734 11
6735 11
6736 11
6737 10
6738 10
6739 10
6740 10
6741 10
6742 10
6743 10
6744 10
6745 10
6746 10
6747 10
6748 10
6749 10
6750 10
6751 10
6752 10
6753 10
6754 10
6755 10
6756 10
6757 10
6758 10
6759 10
6760 10
6761 10
6762 10
6763 10
6764 10
6765 10
6766 10
6767 10
6768 10
6769 10
6770 10
6771 10
6772 10
6773 10
6774 10
6775 10
6776 10
6777 10
6778 10
6779 10
6780 10
6781 10
6782 10
6783 10
6784 10
6785 10
6786 10
6787 10
6788 10
6789 10
6790 10
6791 4
6792 4
6793 4
6794 4
6795 4
6796 4
6797 4
6798 4
6799 4
6800 4
6801 4
6802 4
6803 4
6804 4
6805 4
6806 4
6807 4
6808 4
6809 4
6810 4
6811 4
6812 4
6813 4
6814 4
6815 4
6816 4
6817 4
6818 4
6819 4
6820 4
6821 4
6822 4
6823 4
6824 0
6825 0
6826 0
6827 0
6828 0
6829 0
6830 0
6831 0
6832 0
6833 0
6834 0
6835 0
6836 0
6837 0
6838 0
6839 0
6840 0
6841 0
6842 0
6843 0
6844 0
6845 0
6846 0
6847 0
6848 0
6849 0
6850 0
6851 0
6852 0
6853 0
6854 0
6855 0
6856 0
6857 0
6858 0
6859 0
6860 0
6861 0
6862 0
6863 0
6864 9
6865 9
6866 9
6867 9
6868 9
6869 9
6870 9
6871 9
6872 9
6873 9
6874 6
6875 6
6876 6
6877 6
6878 6
6879 6
6880 6
6881 6
6882 6
6883 6
6884 6
6885 6
6886 6
6887 6
6888 6
6889 6
6890 6
6891 6
6892 6
6893 6
6894 6
6895 6
6896 6
6897 6
6898 6
6899 6
6900 6
6901 6
6902 6
6903 6
6904 6
6905 6
6906 6
6907 6
6908 6
6909 6
6910 6
6911 6
6912 6
6913 6
6914 6
6915 6
6916 6
6917 6
6918 6
6919 3
6920 3
6921 3
6922 3
6923 3
6924 3
6925 3
6926 3
6927 3
6928 3
6929 3
6930 3
6931 3
6932 3
6933 3
6934 3
6935 3
6936 3
6937 3
6938 3
6939 3
6940 3
6941 3
6942 3
6943 3
6944 3
6945 3
6946 3
6947 3
6948 3
6949 3
6950 3
6951 3
6952 3
6953 3
6954 3
6955 3
6956 3
6957 3
6958 11
6959 11
6960 11
6961 11
6962 11
6963 11
6964 11
6965 11
6966 3
6967 11
6968 3
6969 3
6970 3
6971 3
6972 3
6973 3
6974 3
6975 3
6976 3
6977 3
6978 3
6979 3
6980 3
6981 3
6982 3
6983 11
6984 11
6985 11
6986 11
6987 11
6988 11
6989 11
6990 11
6991 11
6992 11
6993 11
6994 11
6995 11
6996 11
6997 11
6998 11
6999 11
7000 11
7001 11
7002 11
7003 11
7004 11
7005 11
7006 11
7007 11
7008 11
7009 11
7010 11
7011 11
7012 11
7013 11
7014 11
7015 11
7016 11
7017 11
7018 11
7019 11
7020 11
7021 11
7022 11
7023 11
7024 11
7025 11
7026 11
7027 11
7028 11
7029 11
7030 11
7031 11
7032 11
7033 11
7034 11
7035 11
7036 11
7037 11
7038 10
7039 10
7040 10
7041 10
7042 10
7043 3
7044 3
7045 3
7046 3
7047 3
7048 3
7049 3
7050 3
7051 3
7052 11
7053 3
7054 3
7055 3
7056 3
7057 3
7058 3
7059 3
7060 3
7061 3
7062 3
7063 3
7064 3
7065 3
7066 3
7067 3
7068 3
7069 3
7070 3
7071 3
7072 3
7073 3
7074 3
7075 11
7076 11
7077 11
7078 11
7079 11
7080 6
7081 11
7082 11
7083 6
7084 6
7085 11
7086 11
7087 11
7088 11
7089 11
7090 11
7091 11
7092 11
7093 11
7094 11
7095 11
7096 11
7097 11
7098 11
7099 11
7100 11
7101 11
7102 11
7103 11
7104 11
7105 11
7106 11
7107 11
7108 11
7109 11
7110 11
7111 11
7112 11
7113 11
7114 11
7115 11
7116 11
7117 11
7118 11
7119 11
7120 11
7121 11
7122 11
7123 11
7124 11
7125 11
7126 11
7127 11
7128 11
7129 11
7130 11
7131 11
7132 11
7133 5
7134 10
7135 11
7136 10
7137 10
7138 10
7139 10
7140 10
7141 10
7142 10
7143 10
7144 10
7145 10
7146 10
7147 10
7148 10
7149 10
7150 10
7151 5
7152 5
7153 5
7154 5
7155 5
7156 5
7157 5
7158 5
7159 5
7160 5
7161 5
7162 5
7163 5
7164 5
7165 5
7166 5
7167 5
7168 5
7169 5
7170 5
7171 5
7172 5
7173 5
7174 5
7175 5
7176 5
7177 5
7178 5
7179 5
7180 5
7181 5
7182 5
7183 5
7184 5
7185 5
7186 5
7187 5
7188 5
7189 5
7190 5
7191 5
7192 5
7193 5
7194 5
7195 5
7196 5
7197 5
7198 5
7199 5
7200 5
7201 5
7202 5
7203 5
7204 5
7205 5
7206 5
7207 5
7208 5
7209 5
7210 5
7211 5
7212 5
7213 5
7214 5
7215 5
7216 5
7217 5
7218 5
7219 5
7220 5
7221 5
7222 5
7223 6
7224 6
7225 6
7226 6
7227 6
7228 6
7229 6
7230 6
7231 6
7232 11
7233 11
7234 11
7235 11
7236 11
7237 11
7238 11
7239 11
7240 11
7241 11
7242 11
7243 11
7244 11
7245 11
7246 11
7247 11
7248 11
7249 11
7250 11
7251 11
7252 11
7253 11
7254 11
7255 11
7256 11
7257 11
7258 11
7259 11
7260 11
7261 11
7262 6
7263 6
7264 6
7265 6
7266 6
7267 6
7268 6
7269 6
7270 6
7271 3
7272 3
7273 3
7274 3
7275 3
7276 3
7277 3
7278 3
7279 3
7280 3
7281 3
7282 3
7283 3
7284 3
7285 3
7286 3
7287 3
7288 3
7289 3
7290 3
7291 3
7292 3
7293 3
7294 3
7295 3
7296 3
7297 3
7298 3
7299 3
7300 3
7301 3
7302 3
7303 3
7304 3
7305 3
7306 3
7307 3
7308 2
7309 2
7310 2
7311 2
7312 2
7313 2
7314 2
7315 2
7316 2
7317 2
7318 2
7319 2
7320 4
7321 4
7322 4
7323 4
7324 4
7325 4
7326 4
7327 4
7328 4
7329 4
7330 4
7331 4
7332 4
7333 4
7334 4
7335 4
7336 4
7337 4
7338 4
7339 4
7340 4
7341 4
7342 4
7343 4
7344 4
7345 4
7346 4
7347 4
7348 4
7349 4
7350 4
7351 4
7352 4
7353 4
7354 4
7355 4
7356 4
7357 4
7358 4
7359 4
7360 4
7361 4
7362 0
7363 0
7364 0
7365 0
7366 0
7367 0
7368 0
7369 0
7370 0
7371 0
7372 0
7373 0
7374 0
7375 0
7376 0
7377 0
7378 0
7379 0
7380 0
7381 0
7382 0
7383 0
7384 0
7385 0
7386 0
7387 0
7388 0
7389 0
7390 0
7391 0
7392 0
7393 0
7394 0
7395 0
7396 0
7397 0
7398 0
7399 0
7400 9
7401 9
7402 9
7403 9
7404 9
7405 9
7406 9
7407 9
7408 9
7409 9
7410 9
7411 9
7412 9
7413 9
7414 9
7415 9
7416 9
7417 6
7418 6
7419 9
7420 6
7421 6
7422 6
7423 6
7424 6
7425 6
7426 6
7427 6
7428 6
7429 6
7430 6
7431 6
7432 6
7433 6
7434 6
7435 6
7436 6
7437 6
7438 6
7439 6
7440 6
7441 6
7442 6
7443 6
7444 6
7445 6
7446 6
7447 6
7448 6
7449 6
7450 6
7451 6
7452 6
7453 6
7454 3
7455 3
7456 3
7457 3
7458 3
7459 3
7460 3
7461 3
7462 3
7463 3
7464 3
7465 3
7466 3
7467 3
7468 3
7469 3
7470 3
7471 3
7472 3
7473 3
7474 3
7475 3
7476 3
7477 3
7478 3
7479 3
7480 3
7481 3
7482 3
7483 3
7484 3
7485 3
7486 3
7487 3
7488 3
7489 3
7490 3
7491 3
7492 3
7493 3
7494 3
7495 3
7496 3
7497 3
7498 3
7499 3
7500 10
7501 1
7502 1
7503 1
7504 1
7505 10
7506 10
7507 10
7508 10
7509 10
7510 10
7511 11
7512 11
7513 11
7514 11
7515 11
7516 11
7517 11
7518 5
7519 5
7520 11
7521 5
7522 11
7523 11
7524 11
7525 11
7526 5
7527 5
7528 11
7529 11
7530 11
7531 5
7532 11
7533 5
7534 5
7535 10
7536 10
7537 5
7538 5
7539 5
7540 5
7541 5
7542 5
7543 5
7544 5
7545 5
7546 5
7547 5
7548 5
7549 5
7550 5
7551 5
7552 5
7553 5
7554 5
7555 5
7556 5
7557 5
7558 5
7559 5
7560 5
7561 5
7562 5
7563 5
7564 5
7565 5
7566 5
7567 5
7568 5
7569 5
7570 5
7571 5
7572 5
7573 5
7574 5
7575 5
7576 5
7577 5
7578 5
7579 5
7580 5
7581 5
7582 5
7583 5
7584 5
7585 5
7586 5
7587 5
7588 5
7589 5
7590 7
7591 7
7592 7
7593 7
7594 7
7595 7
7596 7
7597 7
7598 7
7599 7
7600 7
7601 0
7602 0
7603 0
7604 0
7605 0
7606 0
7607 0
7608 0
7609 0
7610 0
7611 0
7612 0
7613 0
7614 0
7615 0
7616 0
7617 0
7618 0
7619 0
7620 0
7621 0
7622 0
7623 0
7624 0
7625 9
7626 9
7627 9
7628 9
7629 9
7630 9
7631 9
7632 9
7633 9
7634 9
7635 9
7636 9
7637 9
7638 9
7639 9
7640 9
7641 9
7642 9
7643 9
7644 9
7645 9
7646 6
7647 6
7648 6
7649 6
7650 6
7651 6
7652 6
7653 6
7654 6
7655 6
7656 6
7657 6
7658 6
7659 6
7660 6
7661 6
7662 6
7663 6
7664 6
7665 6
7666 6
7667 6
7668 6
7669 6
7670 6
7671 6
7672 6
7673 6
7674 6
7675 6
7676 6
7677 6
7678 6
7679 6
7680 6
7681 6
7682 6
7683 3
7684 3
7685 3
7686 3
7687 3
7688 3
7689 6
7690 6
7691 6
7692 6
7693 6
7694 6
7695 6
7696 6
7697 6
7698 6
7699 6
7700 6
7701 6
7702 6
7703 11
7704 11
7705 6
7706 11
7707 6
7708 6
7709 6
7710 11
7711 11
7712 11
7713 11
7714 11
7715 11
7716 11
7717 11
7718 11
7719 11
7720 11
7721 11
7722 11
7723 11
7724 11
7725 11
7726 11
7727 11
7728 11
7729 5
7730 5
7731 7
7732 7
7733 7
7734 7
7735 7
7736 7
7737 7
7738 7
7739 7
7740 7
7741 7
7742 7
7743 7
7744 7
7745 7
7746 7
7747 7
7748 7
7749 7
7750 7
7751 7
7752 7
7753 7
7754 7
7755 7
7756 7
7757 7
7758 7
7759 7
7760 7
7761 7
7762 7
7763 7
7764 7
7765 7
7766 7
7767 7
7768 7
7769 7
7770 7
7771 7
7772 7
7773 7
7774 7
7775 7
7776 7
7777 7
7778 7
7779 7
7780 7
7781 7
7782 7
7783 7
7784 7
7785 7
7786 7
7787 2
7788 2
7789 2
7790 2
7791 2
7792 2
7793 2
7794 2
7795 2
7796 2
7797 2
7798 2
7799 2
7800 2
7801 2
7802 2
7803 2
7804 2
7805 2
7806 2
7807 2
7808 2
7809 2
7810 2
7811 2
7812 2
7813 2
7814 2
7815 2
7816 2
7817 2
7818 2
7819 2
7820 2
7821 2
7822 2
7823 2
7824 2
7825 2
7826 2
7827 2
7828 2
7829 2
7830 2
7831 2
7832 2
7833 2
7834 2
7835 2
7836 2
7837 2
7838 2
7839 2
7840 2
7841 2
7842 2
7843 2
7844 2
7845 2
7846 2
7847 2
7848 2
7849 2
7850 2
7851 2
7852 2
7853 2
7854 2
7855 2
7856 2
7857 2
7858 2
7859 2
7860 2
7861 2
7862 2
7863 2
7864 2
7865 2
7866 2
7867 2
7868 4
7869 4
7870 4
7871 4
7872 4
7873 4
7874 4
7875 4
7876 4
7877 4
7878 4
7879 4
7880 4
7881 4
7882 4
7883 4
7884 4
7885 4
7886 4
7887 4
7888 4
7889 4
7890 4
7891 4
7892 4
7893 4
7894 4
7895 4
7896 4
7897 4
7898 4
7899 4
7900 4
7901 4
7902 4
7903 4
7904 4
7905 4
7906 4
7907 0
7908 0
7909 0
7910 0
7911 0
7912 0
7913 0
7914 0
7915 0
7916 0
7917 0
7918 0
7919 0
7920 0
7921 0
7922 0
7923 0
7924 0
7925 0
7926 0
7927 0
7928 0
7929 0
7930 2
7931 2
7932 2
7933 2
7934 2
7935 2
7936 2
7937 2
7938 2
7939 2
7940 2
7941 2
7942 2
7943 2
7944 2
7945 2
7946 2
7947 2
7948 2
7949 2
7950 2
7951 2
7952 2
7953 2
7954 2
7955 2
7956 2
7957 2
7958 2
7959 2
7960 2
7961 2
7962 11
7963 11
7964 11
7965 11
7966 11
7967 11
7968 11
7969 11
7970 11
7971 5
7972 5
7973 5
7974 5
7975 5
7976 5
7977 5
7978 5
7979 5
7980 5
7981 5
7982 5
7983 5
7984 5
7985 5
7986 5
7987 5
7988 5
7989 5
7990 5
7991 5
7992 5
7993 5
7994 5
7995 5
7996 5
7997 5
7998 5
7999 5
8000 5
8001 5
8002 5
8003 5
8004 5
8005 5
8006 5
8007 5
8008 5
8009 5
8010 5
8011 5
8012 5
8013 5
8014 5
8015 5
8016 5
8017 7
8018 7
8019 7
8020 7
8021 7
8022 7
8023 7
8024 7
8025 7
8026 7
8027 7
8028 7
8029 7
8030 7
8031 7
8032 7
8033 7
8034 7
8035 7
8036 7
8037 7
8038 7
8039 2
8040 2
8041 2
8042 2
8043 2
8044 2
8045 2
8046 2
8047 2
8048 2
8049 2
8050 2
8051 2
8052 2
8053 2
8054 2
8055 2
8056 2
8057 2
8058 2
8059 2
8060 2
8061 2
8062 2
8063 2
8064 2
8065 2
8066 2
8067 2
8068 2
8069 2
8070 2
8071 2
8072 2
8073 2
8074 2
8075 2
8076 2
8077 2
8078 2
8079 2
8080 2
8081 2
8082 2
8083 2
8084 2
8085 2
8086 2
8087 2
8088 2
8089 2
8090 2
8091 2
8092 2
8093 2
8094 2
8095 2
8096 2
8097 2
8098 2
8099 2
8100 2
8101 2
8102 2
8103 2
8104 4
8105 4
8106 4
8107 4
8108 4
8109 4
8110 4
8111 4
8112 4
8113 4
8114 4
8115 4
8116 4
8117 4
8118 4
8119 4
8120 4
8121 4
8122 4
8123 4
8124 4
8125 4
8126 4
8127 4
8128 4
8129 4
8130 4
8131 4
8132 4
8133 4
8134 4
8135 4
8136 4
8137 4
8138 4
8139 4
8140 4
8141 4
8142 0
8143 0
8144 0
8145 0
8146 0
8147 0
8148 0
8149 0
8150 0
8151 0
8152 0
8153 0
8154 0
8155 0
8156 0
8157 0
8158 0
8159 0
8160 9
8161 9
8162 9
8163 0
8164 9
8165 9
8166 9
8167 9
8168 9
8169 9
8170 9
8171 9
8172 9
8173 9
8174 9
8175 9
8176 9
8177 9
8178 9
8179 9
8180 9
8181 9
8182 9
8183 9
8184 9
8185 9
8186 6
8187 6
8188 6
8189 6
8190 6
8191 6
8192 6
8193 6
8194 6
8195 6
8196 6
8197 6
8198 6
8199 6
8200 6
8201 6
8202 6
8203 6
8204 6
8205 6
8206 6
8207 6
8208 6
8209 2
8210 2
8211 2
8212 2
8213 2
8214 2
8215 2
8216 2
8217 2
8218 2
8219 2
8220 2
8221 2
8222 2
8223 2
8224 2
8225 2
8226 2
8227 2
8228 2
8229 4
8230 4
8231 4
8232 4
8233 4
8234 4
8235 4
8236 4
8237 4
8238 4
8239 4
8240 4
8241 4
8242 4
8243 4
8244 4
8245 4
8246 4
8247 4
8248 4
8249 4
8250 4
8251 4
8252 4
8253 4
8254 4
8255 4
8256 4
8257 4
8258 4
8259 4
8260 4
8261 4
8262 4
8263 4
8264 4
8265 0
8266 0
8267 0
8268 0
8269 0
8270 0
8271 0
8272 0
8273 0
8274 0
8275 0
8276 0
8277 0
8278 0
8279 9
8280 9
8281 9
8282 9
8283 9
8284 9
8285 9
8286 9
8287 9
8288 9
8289 9
8290 9
8291 9
8292 9
8293 9
8294 9
8295 9
8296 9
8297 9
8298 9
8299 9
8300 9
8301 9
8302 9
8303 9
8304 9
8305 9
8306 9
8307 9
8308 9
8309 9
8310 9
8311 6
8312 6
8313 6
8314 6
8315 6
8316 6
8317 6
8318 6
8319 7
8320 7
8321 7
8322 7
8323 7
8324 7
8325 7
8326 7
8327 7
8328 7
8329 7
8330 7
8331 7
8332 7
8333 7
8334 7
8335 2
8336 2
8337 2
8338 2
8339 2
8340 2
8341 2
8342 2
8343 2
8344 2
8345 2
8346 2
8347 2
8348 2
8349 2
8350 2
8351 2
8352 2
8353 2
8354 2
8355 2
8356 2
8357 2
8358 2
8359 2
8360 2
8361 2
8362 2
8363 2
8364 2
8365 2
8366 2
8367 2
8368 2
8369 2
8370 2
8371 2
8372 2
8373 2
8374 2
8375 2
8376 2
8377 2
8378 2
8379 2
8380 2
8381 2
8382 2
8383 2
8384 2
8385 2
8386 2
8387 2
8388 2
8389 2
8390 2
8391 2
8392 2
8393 2
8394 2
8395 4
8396 4
8397 4
8398 4
8399 4
8400 4
8401 4
8402 4
8403 4
8404 4
8405 4
8406 4
8407 4
8408 4
8409 4
8410 4
8411 4
8412 4
8413 4
8414 4
8415 4
8416 4
8417 4
8418 4
8419 4
8420 4
8421 4
8422 4
8423 4
8424 4
8425 4
8426 4
8427 4
8428 0
8429 0
8430 0
8431 0
8432 0
8433 0
8434 0
8435 0
8436 0
8437 0
8438 0
8439 0
8440 9
8441 9
8442 9
8443 9
8444 9
8445 9
8446 9
8447 9
8448 9
8449 9
8450 9
8451 9
8452 9
8453 9
8454 9
8455 9
8456 9
8457 9
8458 9
8459 9
8460 9
8461 9
8462 9
8463 9
8464 9
8465 11
8466 11
8467 11
8468 11
8469 11
8470 9
8471 9
8472 9
8473 9
8474 9
8475 6
8476 9
8477 11
8478 6
8479 6
8480 6
8481 6
8482 6
8483 11
8484 11
8485 11
8486 11
8487 11
8488 11
8489 11
8490 11
8491 11
8492 11
8493 11
8494 11
8495 5
8496 5
8497 5
8498 5
8499 5
8500 5
8501 5
8502 5
8503 5
8504 5
8505 5
8506 5
8507 5
8508 5
8509 5
8510 5
8511 5
8512 5
8513 5
8514 5
8515 5
8516 5
8517 5
8518 5
8519 5
8520 5
8521 5
8522 5
8523 5
8524 5
8525 5
8526 5
8527 5
8528 5
8529 5
8530 5
8531 5
8532 5
8533 5
8534 5
8535 5
8536 5
8537 5
8538 5
8539 5
8540 5
8541 5
8542 0
8543 0
8544 0
8545 0
8546 0
8547 0
8548 0
8549 0
8550 0
8551 9
8552 9
8553 9
8554 9
8555 9
8556 9
8557 9
8558 9
8559 9
8560 9
8561 9
8562 9
8563 9
8564 9
8565 9
8566 9
8567 9
8568 9
8569 9
8570 9
8571 9
8572 11
8573 11
8574 11
8575 11
8576 11
8577 9
8578 9
8579 5
8580 5
8581 5
8582 5
8583 5
8584 5
8585 5
8586 5
8587 5
8588 5
8589 5
8590 9
8591 9
8592 9
8593 9
8594 9
8595 9
8596 9
8597 5
8598 5
8599 5
8600 5
8601 5
8602 5
8603 5
8604 5
8605 5
8606 5
8607 5
8608 5
8609 5
8610 5
8611 5
8612 5
8613 7
8614 7
8615 7
8616 7
8617 7
8618 7
8619 7
8620 7
8621 7
8622 7
8623 7
8624 7
8625 7
8626 7
8627 7
8628 7
8629 7
8630 7
8631 7
8632 7
8633 7
8634 7
8635 7
8636 7
8637 7
8638 7
8639 7
8640 7
8641 2
8642 2
8643 2
8644 2
8645 2
8646 2
8647 2
8648 2
8649 2
8650 2
8651 2
8652 2
8653 2
8654 4
8655 4
8656 4
8657 4
8658 4
8659 4
8660 4
8661 4
8662 4
8663 4
8664 4
8665 4
8666 4
8667 4
8668 4
8669 4
8670 4
8671 4
8672 4
8673 4
8674 4
8675 4
8676 4
8677 4
8678 4
8679 4
8680 4
8681 4
8682 4
8683 4
8684 4
8685 4
8686 4
8687 4
8688 4
8689 0
8690 0
8691 0
8692 0
8693 0
8694 0
8695 0
8696 0
8697 0
8698 9
8699 9
8700 9
8701 9
8702 9
8703 9
8704 9
8705 9
8706 9
8707 9
8708 9
8709 9
8710 9
8711 9
8712 9
8713 9
8714 9
8715 9
8716 9
8717 9
8718 9
8719 9
8720 9
8721 9
8722 9
8723 5
8724 5
8725 5
8726 5
8727 5
8728 5
8729 5
8730 5
8731 5
8732 5
8733 5
8734 7
8735 7
8736 7
8737 7
8738 7
8739 7
8740 7
8741 7
8742 7
8743 2
8744 2
8745 2
8746 2
8747 2
8748 2
8749 2
8750 2
8751 2
8752 2
8753 2
8754 2
8755 2
8756 2
8757 2
8758 4
8759 4
8760 4
8761 4
8762 4
8763 4
8764 4
8765 4
8766 4
8767 4
8768 4
8769 4
8770 4
8771 4
8772 4
8773 4
8774 4
8775 4
8776 4
8777 4
8778 4
8779 4
8780 4
8781 4
8782 4
8783 4
8784 4
8785 4
8786 4
8787 4
8788 4
8789 0
8790 0
8791 0
8792 0
8793 0
8794 0
8795 0
8796 0
8797 0
8798 9
8799 9
8800 9
8801 9
8802 9
8803 9
8804 9
8805 9
8806 9
8807 9
8808 9
8809 9
8810 9
8811 9
8812 9
8813 9
8814 9
8815 9
8816 9
8817 9
8818 9
8819 9
8820 9
8821 9
8822 9
8823 9
8824 9
8825 5
8826 9
8827 5
8828 5
8829 5
8830 5
8831 9
8832 9
8833 7
8834 7
8835 7
8836 7
8837 7
8838 7
8839 7
8840 7
8841 7
8842 7
8843 7
8844 7
8845 7
8846 7
8847 7
8848 7
8849 7
8850 7
8851 7
8852 7
8853 7
8854 7
8855 7
8856 7
8857 7
8858 7
8859 7
8860 7
8861 7
8862 7
8863 7
8864 7
8865 7
8866 7
8867 7
8868 7
8869 2
8870 2
8871 2
8872 2
8873 2
8874 2
8875 2
8876 2
8877 7
8878 7
8879 7
8880 7
8881 7
8882 7
8883 7
8884 7
8885 7
8886 7
8887 7
8888 7
8889 7
8890 7
8891 7
8892 7
8893 7
8894 7
8895 7
8896 2
8897 2
8898 2
8899 2
8900 2
8901 2
8902 2
8903 2
8904 2
8905 2
8906 2
8907 2
8908 2
8909 2
8910 2
8911 2
8912 2
8913 2
8914 2
8915 2
8916 2
8917 2
8918 2
8919 2
8920 2
8921 2
8922 2
8923 2
8924 2
8925 2
8926 2
8927 2
8928 2
8929 2
8930 2
8931 2
8932 2
8933 2
8934 2
8935 2
8936 2
8937 2
8938 2
8939 2
8940 2
8941 2
8942 2
8943 2
8944 2
8945 2
8946 4
8947 4
8948 4
8949 4
8950 4
8951 4
8952 4
8953 4
8954 4
8955 4
8956 4
8957 4
8958 4
8959 4
8960 4
8961 4
8962 4
8963 4
8964 4
8965 4
8966 4
8967 4
8968 4
8969 4
8970 4
8971 4
8972 4
8973 4
8974 4
8975 0
8976 0
8977 0
8978 0
8979 0
8980 0
8981 9
8982 9
8983 9
8984 9
8985 9
8986 9
8987 9
8988 9
8989 9
8990 9
8991 9
8992 9
8993 9
8994 9
8995 9
8996 9
8997 9
8998 9
8999 9
9000 9
9001 9
9002 9
9003 9
9004 9
9005 9
9006 9
9007 9
9008 9
9009 9
9010 9
9011 9
9012 9
9013 9
9014 9
9015 9
9016 9
9017 9
9018 7
9019 7
9020 7
9021 7
9022 7
9023 7
9024 7
9025 7
9026 7
9027 7
9028 7
9029 7
9030 7
9031 7
9032 7
9033 7
9034 7
9035 7
9036 7
9037 7
9038 7
9039 7
9040 7
9041 7
9042 7
9043 7
9044 7
9045 7
9046 7
9047 7
9048 7
9049 7
9050 7
9051 7
9052 7
9053 7
9054 7
9055 7
9056 7
9057 7
9058 7
9059 7
9060 7
9061 7
9062 7
9063 7
9064 7
9065 7
9066 7
9067 7
9068 2
9069 2
9070 2
9071 2
9072 2
9073 2
9074 2
9075 2
9076 2
9077 2
9078 2
9079 2
9080 2
9081 2
9082 2
9083 2
9084 2
9085 2
9086 2
9087 2
9088 2
9089 2
9090 2
9091 2
9092 2
9093 2
9094 9
9095 2
9096 2
9097 2
9098 2
9099 2
9100 2
9101 2
9102 2
9103 2
9104 2
9105 2
9106 2
9107 2
9108 2
9109 2
9110 2
9111 2
9112 2
9113 2
9114 2
9115 2
9116 2
9117 2
9118 2
9119 2
9120 4
9121 4
9122 4
9123 4
9124 4
9125 4
9126 4
9127 4
9128 4
9129 4
9130 4
9131 4
9132 4
9133 4
9134 4
9135 4
9136 4
9137 4
9138 4
9139 4
9140 4
9141 4
9142 4
9143 4
9144 4
9145 4
9146 4
9147 4
9148 4
9149 0
9150 7
9151 0
9152 0
9153 9
9154 9
9155 9
9156 9
9157 9
9158 9
9159 9
9160 9
9161 9
9162 9
9163 9
9164 9
9165 9
9166 9
9167 9
9168 9
9169 9
9170 9
9171 9
9172 9
9173 9
9174 9
9175 9
9176 9
9177 9
9178 9
9179 9
9180 9
9181 9
9182 9
9183 9
9184 9
9185 9
9186 9
9187 9
9188 9
9189 9
9190 7
9191 7
9192 7
9193 7
9194 7
9195 7
9196 7
9197 7
9198 7
9199 7
9200 7
9201 7
9202 7
9203 7
9204 7
9205 7
9206 7
9207 7
9208 7
9209 7
9210 7
9211 7
9212 7
9213 7
9214 7
9215 7
9216 2
9217 2
9218 2
9219 2
9220 2
9221 2
9222 2
9223 2
9224 2
9225 2
9226 2
9227 2
9228 2
9229 2
9230 2
9231 2
9232 2
9233 2
9234 2
9235 2
9236 2
9237 2
9238 2
9239 2
9240 2
9241 2
9242 2
9243 2
9244 2
9245 2
9246 2
9247 2
9248 2
9249 2
9250 4
9251 4
9252 4
9253 4
9254 4
9255 4
9256 4
9257 4
9258 4
9259 4
9260 4
9261 4
9262 4
9263 4
9264 4
9265 4
9266 4
9267 4
9268 4
9269 2
9270 2
9271 2
9272 2
9273 2
9274 2
9275 7
9276 7
9277 7
9278 7
9279 7
9280 9
9281 9
9282 9
9283 9
9284 9
9285 9
9286 9
9287 9
9288 9
9289 9
9290 9
9291 9
9292 7
9293 7
9294 7
9295 7
9296 7
9297 7
9298 7
9299 7
9300 7
9301 7
9302 7
9303 7
9304 7
9305 7
9306 7
9307 7
9308 7
9309 7
9310 7
9311 7
9312 7
9313 7
9314 7
9315 7
9316 7
9317 7
9318 7
9319 7
9320 7
9321 7
9322 2
9323 2
9324 2
9325 2
9326 2
9327 2
9328 2
9329 2
9330 2
9331 2
9332 2
9333 2
9334 2
9335 2
9336 2
9337 2
9338 2
9339 2
9340 2
9341 2
9342 2
9343 2
9344 2
9345 2
9346 2
9347 2
9348 2
9349 2
9350 2
9351 2
9352 2
9353 2
9354 2
9355 2
9356 2
9357 2
9358 2
9359 4
9360 4
9361 4
9362 4
9363 2
9364 4
9365 4
9366 4
9367 4
9368 4
9369 2
9370 2
9371 2
9372 4
9373 2
9374 2
9375 2
9376 2
9377 2
9378 2
9379 2
9380 2
9381 2
9382 2
9383 2
9384 2
9385 7
9386 7
9387 7
9388 7
9389 7
9390 7
9391 7
9392 7
9393 7
9394 7
9395 7
9396 9
9397 9
9398 9
9399 9
9400 9
9401 9
9402 9
9403 7
9404 7
9405 7
9406 7
9407 7
9408 7
9409 7
9410 7
9411 7
9412 7
9413 7
9414 7
9415 7
9416 7
9417 7
9418 7
9419 7
9420 7
9421 7
9422 7
9423 7
9424 7
9425 7
9426 7
9427 7
9428 7
9429 2
9430 2
9431 2
9432 2
9433 2
9434 2
9435 2
9436 2
9437 2
9438 2
9439 2
9440 2
9441 2
9442 2
9443 2
9444 2
9445 2
9446 2
9447 2
9448 2
9449 2
9450 2
9451 2
9452 2
9453 2
9454 2
9455 2
9456 2
9457 2
9458 2
9459 2
9460 2
9461 2
9462 2
9463 2
9464 2
9465 2
9466 2
9467 2
9468 2
9469 2
9470 2
9471 2
9472 2
9473 2
9474 2
9475 2
9476 2
9477 2
9478 2
9479 2
9480 2
9481 2
9482 2
9483 2
9484 2
9485 2
9486 2
9487 2
9488 7
9489 7
9490 7
9491 7
9492 7
9493 7
9494 7
9495 7
9496 7
9497 7
9498 7
9499 7
9500 7
9501 7
9502 7
9503 7
9504 7
9505 7
9506 7
9507 7
9508 7
9509 7
9510 7
9511 7
9512 7
9513 7
9514 2
9515 2
9516 2
9517 2
9518 7
9519 7
9520 2
9521 2
9522 2
9523 2
9524 2
9525 2
9526 2
9527 2
9528 2
9529 2
9530 2
9531 2
9532 2
9533 2
9534 2
9535 2
9536 2
9537 2
9538 2
9539 2
9540 2
9541 2
9542 2
9543 2
9544 2
9545 2
9546 2
9547 2
9548 2
9549 2
9550 2
9551 2
9552 2
9553 2
9554 2
9555 2
9556 2
9557 2
9558 2
9559 2
9560 2
9561 2
9562 2
9563 2
9564 2
9565 2
9566 2
9567 2
9568 2
9569 2
9570 7
9571 7
9572 7
9573 7
9574 7
9575 7
9576 7
9577 7
9578 7
9579 7
9580 7
9581 7
9582 7
9583 7
9584 7
9585 7
9586 7
9587 2
9588 2
9589 2
9590 2
9591 2
9592 2
9593 2
9594 2
9595 2
9596 2
9597 2
9598 2
9599 2
9600 2
9601 2
9602 2
9603 2
9604 2
9605 2
9606 2
9607 2
9608 2
9609 2
9610 2
9611 2
9612 2
9613 2
9614 2
9615 2
9616 2
9617 2
9618 2
9619 2
9620 2
9621 2
9622 2
9623 2
9624 2
9625 2
9626 2
9627 2
9628 2
9629 2
9630 2
9631 7
9632 7
9633 7
9634 7
9635 7
9636 7
9637 7
9638 7
9639 7
9640 2
9641 2
9642 2
9643 2
9644 2
9645 2
9646 2
9647 2
9648 2
9649 2
9650 2
9651 2
9652 2
9653 2
9654 2
9655 2
9656 2
9657 2
9658 2
9659 2
9660 2
9661 2
9662 2
9663 2
9664 2
9665 2
9666 2
9667 2
9668 2
9669 2
9670 10
9671 10
9672 10
9673 10
9674 10
9675 10
9676 10
9677 10
9678 10
9679 10
9680 10
9681 10
9682 10
9683 10
9684 10
9685 10
9686 10
9687 10
9688 10
9689 10
9690 10
9691 10
9692 1
9693 10
9694 8
9695 8
9696 8
9697 8
9698 8
9699 8
9700 8
9701 8
9702 8
9703 8
9704 1
9705 1
9706 1
9707 1
9708 1
9709 1
9710 1
9711 1
9712 1
9713 1
9714 1
9715 1
9716 1
9717 1
9718 1
9719 1
9720 1
9721 10
9722 10
9723 10
9724 10
9725 10
9726 10
9727 10
9728 10
9729 10
9730 10
9731 10
9732 10
9733 10
9734 10
9735 10
9736 1
9737 3
9738 10
9739 1
9740 1
9741 1
9742 1
9743 1
9744 1
9745 5
9746 5
9747 1
9748 1
9749 1
9750 10
9751 2
9752 1
9753 1
9754 1
9755 1
9756 1
9757 1
9758 1
9759 1
9760 1
9761 10
9762 10
9763 11
9764 11
9765 11
9766 7
9767 11
9768 1
9769 1
9770 1
9771 1
9772 1
9773 1
9774 1
9775 11
9776 1
9777 10
9778 1
9779 1
9780 1
9781 1
9782 10
9783 10
9784 5
9785 10
9786 5
9787 5
9788 5
9789 5
9790 6
9791 7
9792 10
9793 1
9794 1
9795 8
9796 10
9797 10
9798 10
9799 10
9800 1
