0 4
1 4
2 2
3 1
4 5
5 0
6 4
7 4
8 4
9 4
10 4
11 4
12 4
13 4
14 4
15 4
16 4
17 4
18 4
19 4
20 4
21 4
22 4
23 4
24 4
25 4
26 4
27 4
28 4
29 4
30 4
31 4
32 4
33 4
34 4
35 4
36 4
37 4
38 4
39 4
40 4
41 4
42 4
43 4
44 4
45 4
46 4
47 4
48 4
49 4
50 4
51 4
52 4
53 4
54 4
55 4
56 4
57 4
58 4
59 4
60 2
61 2
62 2
63 2
64 2
65 2
66 2
67 2
68 2
69 2
70 2
71 2
72 2
73 2
74 2
75 2
76 2
77 2
78 2
79 2
80 2
81 2
82 2
83 2
84 2
85 2
86 2
87 2
88 2
89 2
90 2
91 2
92 2
93 1
94 1
95 1
96 1
97 1
98 1
99 1
100 1
101 1
102 1
103 1
104 1
105 1
106 1
107 1
108 1
109 1
110 1
111 1
112 1
113 1
114 1
115 1
116 1
117 1
118 1
119 1
120 1
121 1
122 1
123 1
124 1
125 1
126 1
127 1
128 1
129 1
130 1
131 1
132 1
133 1
134 1
135 1
136 1
137 1
138 1
139 1
140 1
141 1
142 1
143 1
144 1
145 1
146 1
147 1
148 1
149 1
150 1
151 1
152 1
153 1
154 1
155 1
156 1
157 1
158 1
159 1
160 1
161 1
162 1
163 1
164 1
165 1
166 1
167 1
168 1
169 1
170 1
171 1
172 1
173 1
174 1
175 1
176 1
177 5
178 5
179 5
180 5
181 5
182 5
183 5
184 5
185 5
186 5
187 5
188 5
189 5
190 5
191 5
192 5
193 5
194 5
195 5
196 5
197 5
198 5
199 5
200 5
201 5
202 5
203 5
204 5
205 5
206 5
207 5
208 5
209 5
210 5
211 5
212 5
213 5
214 5
215 5
216 5
217 5
218 5
219 5
220 5
221 5
222 5
223 5
224 5
225 5
226 5
227 5
228 5
229 5
230 5
231 5
232 5
233 5
234 5
235 5
236 5
237 5
238 5
239 5
240 5
241 5
242 5
243 5
244 5
245 5
246 5
247 5
248 5
249 5
250 5
251 5
252 5
253 5
254 5
255 5
256 5
257 5
258 5
259 5
260 5
261 5
262 3
263 3
264 3
265 3
266 3
267 3
268 3
269 3
270 3
271 3
272 3
273 3
274 3
275 3
276 3
277 3
278 3
279 3
280 3
281 3
282 3
283 3
284 3
285 3
286 3
287 3
288 3
289 3
290 3
291 3
292 3
293 3
294 3
295 0
296 0
297 0
298 0
299 0
300 0
301 0
302 0
303 0
304 0
305 0
306 0
307 0
308 0
309 0
310 0
311 0
312 0
313 0
314 0
315 0
316 0
317 0
318 0
319 0
320 0
321 0
322 0
323 0
324 0
325 0
326 0
327 0
328 0
329 0
330 0
331 0
332 0
333 0
334 0
335 0
336 0
337 0
338 0
339 0
340 0
341 0
342 0
343 0
344 0
345 0
346 0
347 0
348 0
349 0
350 0
351 0
352 0
353 0
354 0
355 0
356 0
357 0
358 0
359 0
360 0
361 0
362 0
363 0
364 0
365 0
366 0
367 0
368 0
369 0
370 0
371 0
372 0
373 0
374 0
375 0
376 0
377 0
378 4
379 4
380 4
381 4
382 4
383 4
384 4
385 4
386 4
387 4
388 4
389 4
390 4
391 4
392 4
393 4
394 4
395 4
396 4
397 4
398 4
399 4
400 4
401 4
402 4
403 4
404 4
405 4
406 4
407 4
408 4
409 2
410 4
411 4
412 4
413 4
414 4
415 4
416 4
417 4
418 4
419 4
420 4
421 4
422 4
423 4
424 4
425 4
426 4
427 4
428 2
429 4
430 4
431 5
432 5
433 5
434 5
435 5
436 3
437 3
438 3
439 3
440 3
441 3
442 3
443 3
444 3
445 3
446 3
447 3
448 3
449 3
450 3
451 3
452 3
453 3
454 3
455 3
456 3
457 3
458 3
459 3
460 3
461 3
462 3
463 3
464 3
465 3
466 3
467 3
468 0
469 0
470 0
471 0
472 0
473 0
474 0
475 0
476 0
477 0
478 0
479 0
480 0
481 0
482 0
483 0
484 0
485 0
486 0
487 0
488 0
489 0
490 0
491 0
492 0
493 0
494 0
495 0
496 0
497 0
498 0
499 0
500 0
501 0
502 0
503 0
504 0
505 0
506 0
507 0
508 0
509 0
510 0
511 0
512 0
513 0
514 0
515 0
516 0
517 0
518 0
519 0
520 0
521 0
522 0
523 0
524 0
525 0
526 0
527 0
528 0
529 0
530 0
531 0
532 0
533 0
534 0
535 0
536 0
537 0
538 0
539 0
540 0
541 0
542 0
543 0
544 0
545 0
546 0
547 0
548 0
549 0
550 0
551 0
552 4
553 4
554 4
555 4
556 4
557 4
558 4
559 4
560 4
561 4
562 4
563 4
564 4
565 4
566 4
567 4
568 4
569 4
570 4
571 4
572 4
573 4
574 4
575 4
576 4
577 4
578 4
579 4
580 4
581 4
582 4
583 4
584 4
585 4
586 4
587 4
588 4
589 4
590 4
591 4
592 4
593 4
594 4
595 4
596 4
597 4
598 4
599 4
600 4
601 4
602 4
603 4
604 4
605 4
606 4
607 4
608 4
609 4
610 4
611 4
612 4
613 4
614 4
615 4
616 4
617 4
618 4
619 4
620 4
621 4
622 4
623 4
624 4
625 4
626 4
627 4
628 4
629 4
630 4
631 4
632 4
633 4
634 4
635 4
636 4
637 4
638 4
639 4
640 4
641 4
642 4
643 4
644 4
645 4
646 4
647 4
648 4
649 4
650 4
651 1
652 1
653 1
654 1
655 1
656 1
657 1
658 1
659 1
660 1
661 1
662 1
663 1
664 5
665 5
666 5
667 5
668 5
669 5
670 5
671 5
672 5
673 5
674 5
675 5
676 5
677 5
678 5
679 5
680 5
681 5
682 5
683 5
684 5
685 5
686 5
687 5
688 5
689 5
690 5
691 5
692 5
693 5
694 5
695 5
696 5
697 5
698 5
699 5
700 5
701 5
702 5
703 5
704 5
705 5
706 5
707 5
708 5
709 5
710 5
711 5
712 5
713 5
714 5
715 5
716 5
717 5
718 5
719 5
720 5
721 5
722 5
723 5
724 5
725 5
726 5
727 5
728 5
729 5
730 5
731 5
732 5
733 5
734 5
735 5
736 5
737 5
738 5
739 5
740 5
741 5
742 5
743 5
744 5
745 5
746 5
747 5
748 3
749 3
750 3
751 3
752 3
753 3
754 3
755 3
756 3
757 3
758 3
759 3
760 3
761 3
762 3
763 3
764 3
765 3
766 3
767 3
768 3
769 3
770 3
771 3
772 3
773 3
774 3
775 3
776 3
777 3
778 3
779 3
780 3
781 0
782 0
783 0
784 0
785 0
786 0
787 0
788 0
789 0
790 0
791 0
792 0
793 0
794 0
795 0
796 0
797 0
798 0
799 0
800 0
801 0
802 0
803 0
804 0
805 0
806 0
807 0
808 0
809 0
810 0
811 0
812 0
813 0
814 0
815 0
816 0
817 0
818 0
819 0
820 0
821 0
822 0
823 0
824 0
825 0
826 0
827 0
828 0
829 0
830 0
831 0
832 0
833 0
834 0
835 0
836 0
837 0
838 0
839 0
840 0
841 0
842 0
843 0
844 0
845 0
846 0
847 0
848 0
849 0
850 0
851 0
852 0
853 0
854 0
855 0
856 0
857 0
858 0
859 0
860 0
861 0
862 0
863 0
864 0
865 4
866 4
867 4
868 4
869 4
870 4
871 4
872 4
873 4
874 4
875 4
876 4
877 4
878 4
879 4
880 4
881 4
882 4
883 4
884 4
885 4
886 4
887 4
888 4
889 4
890 4
891 4
892 4
893 4
894 4
895 4
896 4
897 4
898 4
899 4
900 4
901 4
902 4
903 4
904 4
905 4
906 4
907 4
908 4
909 4
910 4
911 4
912 4
913 4
914 4
915 4
916 4
917 4
918 4
919 4
920 4
921 4
922 4
923 1
924 1
925 1
926 1
927 1
928 1
929 1
930 1
931 1
932 1
933 1
934 1
935 1
936 1
937 1
938 1
939 1
940 1
941 1
942 1
943 1
944 1
945 1
946 5
947 5
948 5
949 5
950 5
951 5
952 5
953 5
954 5
955 5
956 5
957 5
958 5
959 5
960 5
961 5
962 5
963 5
964 5
965 5
966 5
967 5
968 5
969 5
970 5
971 5
972 5
973 5
974 5
975 5
976 5
977 5
978 5
979 5
980 5
981 5
982 5
983 5
984 5
985 5
986 5
987 5
988 5
989 5
990 5
991 5
992 5
993 5
994 5
995 5
996 5
997 5
998 5
999 5
1000 5
1001 5
1002 5
1003 5
1004 5
1005 5
1006 5
1007 5
1008 5
1009 5
1010 5
1011 5
1012 5
1013 5
1014 5
1015 5
1016 5
1017 5
1018 5
1019 5
1020 5
1021 5
1022 5
1023 5
1024 5
1025 5
1026 5
1027 5
1028 5
1029 5
1030 3
1031 3
1032 3
1033 3
1034 3
1035 3
1036 3
1037 3
1038 3
1039 3
1040 3
1041 3
1042 3
1043 3
1044 3
1045 3
1046 3
1047 3
1048 3
1049 3
1050 3
1051 3
1052 3
1053 3
1054 3
1055 3
1056 3
1057 3
1058 3
1059 3
1060 3
1061 3
1062 0
1063 0
1064 0
1065 0
1066 0
1067 0
1068 0
1069 0
1070 0
1071 0
1072 0
1073 0
1074 0
1075 0
1076 0
1077 0
1078 0
1079 0
1080 0
1081 0
1082 0
1083 0
1084 0
1085 0
1086 0
1087 0
1088 0
1089 0
1090 0
1091 0
1092 0
1093 0
1094 0
1095 0
1096 0
1097 0
1098 0
1099 0
1100 0
1101 0
1102 0
1103 0
1104 0
1105 0
1106 0
1107 0
1108 0
1109 0
1110 0
1111 0
1112 0
1113 0
1114 0
1115 0
1116 0
1117 0
1118 0
1119 0
1120 0
1121 0
1122 0
1123 0
1124 0
1125 0
1126 0
1127 0
1128 0
1129 0
1130 0
1131 0
1132 0
1133 0
1134 0
1135 0
1136 0
1137 0
1138 0
1139 0
1140 0
1141 0
1142 0
1143 0
1144 4
1145 4
1146 4
1147 4
1148 4
1149 4
1150 4
1151 4
1152 0
1153 0
1154 0
1155 0
1156 0
1157 0
1158 0
1159 0
1160 2
1161 2
1162 2
1163 2
1164 4
1165 4
1166 4
1167 4
1168 4
1169 4
1170 4
1171 4
1172 4
1173 4
1174 2
1175 2
1176 2
1177 2
1178 2
1179 2
1180 2
1181 2
1182 2
1183 2
1184 2
1185 2
1186 2
1187 2
1188 2
1189 1
1190 1
1191 1
1192 1
1193 1
1194 1
1195 1
1196 1
1197 1
1198 1
1199 1
1200 1
1201 1
1202 1
1203 1
1204 1
1205 1
1206 1
1207 1
1208 1
1209 1
1210 1
1211 1
1212 1
1213 1
1214 1
1215 1
1216 1
1217 1
1218 1
1219 1
1220 1
1221 1
1222 1
1223 1
1224 1
1225 1
1226 1
1227 1
1228 1
1229 1
1230 1
1231 1
1232 1
1233 1
1234 1
1235 1
1236 1
1237 1
1238 1
1239 1
1240 1
1241 1
1242 1
1243 1
1244 1
1245 1
1246 1
1247 1
1248 1
1249 1
1250 1
1251 1
1252 1
1253 1
1254 1
1255 1
1256 1
1257 1
1258 1
1259 1
1260 1
1261 1
1262 1
1263 1
1264 1
1265 1
1266 1
1267 1
1268 1
1269 1
1270 1
1271 1
1272 5
1273 5
1274 5
1275 5
1276 5
1277 5
1278 5
1279 5
1280 5
1281 5
1282 5
1283 5
1284 5
1285 5
1286 5
1287 5
1288 5
1289 5
1290 5
1291 5
1292 5
1293 5
1294 5
1295 5
1296 5
1297 5
1298 5
1299 5
1300 5
1301 5
1302 5
1303 5
1304 5
1305 5
1306 5
1307 5
1308 5
1309 5
1310 5
1311 5
1312 5
1313 5
1314 5
1315 5
1316 5
1317 5
1318 5
1319 5
1320 5
1321 5
1322 5
1323 5
1324 5
1325 5
1326 5
1327 5
1328 5
1329 5
1330 5
1331 5
1332 5
1333 5
1334 5
1335 5
1336 5
1337 5
1338 5
1339 5
1340 5
1341 5
1342 5
1343 5
1344 5
1345 5
1346 5
1347 5
1348 5
1349 5
1350 5
1351 5
1352 5
1353 3
1354 3
1355 3
1356 3
1357 3
1358 3
1359 3
1360 3
1361 3
1362 3
1363 3
1364 3
1365 3
1366 3
1367 3
1368 3
1369 3
1370 3
1371 3
1372 3
1373 3
1374 3
1375 3
1376 3
1377 3
1378 3
1379 3
1380 3
1381 3
1382 3
1383 3
1384 3
1385 3
1386 0
1387 0
1388 0
1389 0
1390 0
1391 0
1392 0
1393 0
1394 0
1395 0
1396 0
1397 0
1398 0
1399 0
1400 0
1401 0
1402 0
1403 0
1404 0
1405 0
1406 0
1407 0
1408 0
1409 0
1410 0
1411 0
1412 0
1413 0
1414 0
1415 0
1416 0
1417 0
1418 0
1419 0
1420 0
1421 0
1422 0
1423 0
1424 0
1425 0
1426 0
1427 0
1428 0
1429 0
1430 0
1431 0
1432 0
1433 0
1434 0
1435 0
1436 0
1437 0
1438 0
1439 0
1440 0
1441 0
1442 0
1443 0
1444 0
1445 0
1446 0
1447 0
1448 0
1449 0
1450 0
1451 0
1452 0
1453 0
1454 0
1455 0
1456 0
1457 1
1458 1
1459 1
1460 1
1461 0
1462 0
1463 0
1464 0
1465 0
1466 0
1467 0
1468 0
1469 0
1470 0
1471 0
1472 0
1473 0
1474 2
1475 2
1476 2
1477 2
1478 2
1479 2
1480 2
1481 2
1482 2
1483 2
1484 2
1485 2
1486 2
1487 2
1488 2
1489 2
1490 0
1491 0
1492 0
1493 0
1494 0
1495 0
1496 0
1497 0
1498 0
1499 4
1500 1
1501 1
1502 2
1503 2
1504 2
1505 2
1506 4
1507 4
1508 4
1509 4
1510 4
1511 4
1512 4
1513 4
1514 4
1515 4
1516 4
1517 4
1518 4
1519 4
1520 4
1521 4
1522 4
1523 4
1524 4
1525 4
1526 4
1527 0
1528 4
1529 0
1530 0
1531 0
1532 0
1533 4
1534 4
1535 4
1536 4
1537 4
1538 4
1539 4
1540 4
1541 4
1542 4
1543 4
1544 4
1545 4
1546 1
1547 1
1548 1
1549 1
1550 1
1551 1
1552 1
1553 1
1554 1
1555 1
1556 1
1557 1
1558 1
1559 1
1560 1
1561 1
1562 4
1563 4
1564 4
1565 4
1566 4
1567 4
1568 4
1569 4
1570 4
1571 4
1572 4
1573 4
1574 4
1575 4
1576 4
1577 4
1578 4
1579 4
1580 4
1581 4
1582 4
1583 4
1584 4
1585 4
1586 4
1587 4
1588 4
1589 4
1590 4
1591 4
1592 4
1593 4
1594 4
1595 4
1596 4
1597 4
1598 4
1599 4
1600 4
1601 4
1602 4
1603 2
1604 2
1605 2
1606 2
1607 2
1608 2
1609 2
1610 2
1611 2
1612 2
1613 2
1614 2
1615 2
1616 2
1617 2
1618 2
1619 2
1620 2
1621 2
1622 2
1623 2
1624 2
1625 2
1626 2
1627 2
1628 2
1629 2
1630 2
1631 2
1632 2
1633 2
1634 2
1635 2
1636 2
1637 2
1638 2
1639 2
1640 2
1641 2
1642 2
1643 2
1644 2
1645 2
1646 2
1647 2
1648 2
1649 2
1650 2
1651 2
1652 2
1653 2
1654 2
1655 2
1656 1
1657 2
1658 1
1659 1
1660 1
1661 1
1662 1
1663 1
1664 1
1665 1
1666 1
1667 1
1668 1
1669 1
1670 1
1671 1
1672 1
1673 1
1674 1
1675 1
1676 1
1677 1
1678 1
1679 1
1680 1
1681 1
1682 1
1683 1
1684 1
1685 1
1686 1
1687 1
1688 1
1689 1
1690 1
1691 1
1692 1
1693 1
1694 1
1695 1
1696 1
1697 1
1698 1
1699 1
1700 1
1701 1
1702 1
1703 1
1704 1
1705 1
1706 1
1707 1
1708 1
1709 1
1710 1
1711 1
1712 1
1713 1
1714 1
1715 1
1716 1
1717 1
1718 1
1719 1
1720 1
1721 1
1722 1
1723 1
1724 1
1725 1
1726 1
1727 1
1728 1
1729 1
1730 1
1731 1
1732 1
1733 1
1734 1
1735 1
1736 1
1737 1
1738 1
1739 1
1740 1
1741 1
1742 1
1743 1
1744 1
1745 1
1746 1
1747 1
1748 1
1749 1
1750 1
1751 1
1752 1
1753 1
1754 1
1755 1
1756 1
1757 1
1758 1
1759 1
1760 1
1761 1
1762 1
1763 1
1764 1
1765 1
1766 1
1767 1
1768 1
1769 1
1770 1
1771 1
1772 5
1773 5
1774 5
1775 5
1776 5
1777 5
1778 5
1779 5
1780 5
1781 5
1782 5
1783 5
1784 5
1785 5
1786 5
1787 5
1788 5
1789 5
1790 5
1791 5
1792 5
1793 5
1794 5
1795 5
1796 5
1797 5
1798 5
1799 5
1800 5
1801 5
1802 5
1803 5
1804 5
1805 5
1806 5
1807 5
1808 5
1809 5
1810 5
1811 5
1812 5
1813 5
1814 5
1815 5
1816 5
1817 5
1818 5
1819 5
1820 5
1821 5
1822 5
1823 5
1824 5
1825 5
1826 5
1827 5
1828 5
1829 5
1830 5
1831 5
1832 5
1833 5
1834 5
1835 5
1836 5
1837 5
1838 5
1839 5
1840 5
1841 5
1842 5
1843 5
1844 3
1845 3
1846 3
1847 3
1848 3
1849 3
1850 3
1851 3
1852 3
1853 3
1854 3
1855 3
1856 3
1857 3
1858 3
1859 3
1860 3
1861 3
1862 3
1863 3
1864 3
1865 3
1866 3
1867 3
1868 3
1869 3
1870 3
1871 3
1872 3
1873 3
1874 3
1875 3
1876 0
1877 0
1878 0
1879 0
1880 0
1881 0
1882 0
1883 0
1884 0
1885 0
1886 0
1887 0
1888 0
1889 0
1890 0
1891 0
1892 0
1893 0
1894 0
1895 0
1896 0
1897 0
1898 0
1899 0
1900 0
1901 0
1902 0
1903 0
1904 0
1905 0
1906 0
1907 0
1908 0
1909 0
1910 0
1911 0
1912 0
1913 0
1914 0
1915 0
1916 0
1917 0
1918 0
1919 0
1920 0
1921 0
1922 0
1923 0
1924 0
1925 0
1926 0
1927 0
1928 0
1929 0
1930 0
1931 0
1932 0
1933 0
1934 0
1935 0
1936 0
1937 0
1938 0
1939 0
1940 0
1941 0
1942 0
1943 0
1944 0
1945 0
1946 0
1947 0
1948 0
1949 0
1950 0
1951 0
1952 0
1953 0
1954 0
1955 0
1956 0
1957 4
1958 4
1959 4
1960 4
1961 4
1962 4
1963 4
1964 4
1965 4
1966 3
1967 3
1968 3
1969 3
1970 3
1971 3
1972 3
1973 3
1974 3
1975 3
1976 3
1977 3
1978 3
1979 3
1980 3
1981 3
1982 3
1983 3
1984 3
1985 3
1986 3
1987 0
1988 0
1989 0
1990 0
1991 0
1992 0
1993 0
1994 0
1995 0
1996 0
1997 0
1998 0
1999 0
2000 0
2001 0
2002 0
2003 0
2004 0
2005 0
2006 0
2007 0
2008 0
2009 0
2010 0
2011 0
2012 0
2013 0
2014 0
2015 0
2016 0
2017 0
2018 0
2019 0
2020 0
2021 0
2022 0
2023 0
2024 0
2025 0
2026 0
2027 0
2028 0
2029 0
2030 0
2031 0
2032 0
2033 0
2034 0
2035 0
2036 0
2037 0
2038 0
2039 0
2040 0
2041 0
2042 0
2043 0
2044 0
2045 0
2046 0
2047 0
2048 0
2049 0
2050 0
2051 0
2052 0
2053 0
2054 0
2055 0
2056 0
2057 0
2058 0
2059 0
2060 0
2061 0
2062 0
2063 0
2064 4
2065 4
2066 4
2067 4
2068 4
2069 4
2070 4
2071 4
2072 4
2073 4
2074 4
2075 4
2076 4
2077 4
2078 4
2079 4
2080 4
2081 4
2082 4
2083 4
2084 4
2085 4
2086 4
2087 4
2088 4
2089 4
2090 4
2091 4
2092 4
2093 4
2094 4
2095 4
2096 4
2097 4
2098 5
2099 5
2100 5
2101 5
2102 5
2103 5
2104 5
2105 5
2106 5
2107 5
2108 5
2109 5
2110 5
2111 5
2112 5
2113 5
2114 5
2115 5
2116 5
2117 5
2118 5
2119 5
2120 5
2121 5
2122 5
2123 5
2124 5
2125 5
2126 5
2127 5
2128 5
2129 5
2130 5
2131 5
2132 5
2133 5
2134 5
2135 5
2136 5
2137 5
2138 5
2139 5
2140 5
2141 5
2142 5
2143 5
2144 5
2145 5
2146 5
2147 5
2148 5
2149 5
2150 5
2151 5
2152 5
2153 5
2154 5
2155 5
2156 5
2157 5
2158 5
2159 5
2160 5
2161 5
2162 5
2163 5
2164 5
2165 5
2166 5
2167 5
2168 5
2169 5
2170 5
2171 5
2172 1
2173 1
2174 1
2175 1
2176 1
2177 1
2178 1
2179 4
2180 4
2181 4
2182 4
2183 4
2184 4
2185 4
2186 4
2187 4
2188 4
2189 4
2190 4
2191 4
2192 4
2193 4
2194 4
2195 4
2196 4
2197 4
2198 4
2199 4
2200 4
2201 4
2202 4
2203 4
2204 4
2205 4
2206 4
2207 4
2208 4
2209 4
2210 4
2211 4
2212 4
2213 4
2214 4
2215 4
2216 4
2217 4
2218 4
2219 2
2220 2
2221 2
2222 2
2223 1
2224 1
2225 1
2226 1
2227 1
2228 1
2229 1
2230 1
2231 1
2232 1
2233 1
2234 1
2235 1
2236 1
2237 1
2238 1
2239 1
2240 1
2241 2
2242 1
2243 1
2244 1
2245 1
2246 1
2247 1
2248 4
2249 4
2250 4
2251 4
2252 4
2253 1
2254 1
2255 1
2256 1
2257 1
2258 1
2259 1
2260 1
2261 1
2262 1
2263 1
2264 1
2265 1
2266 1
2267 1
2268 1
2269 1
2270 1
2271 1
2272 5
2273 5
2274 5
2275 5
2276 5
2277 5
2278 5
2279 5
2280 5
2281 5
2282 5
2283 5
2284 5
2285 5
2286 5
2287 5
2288 5
2289 5
2290 5
2291 5
2292 5
2293 5
2294 5
2295 5
2296 5
2297 5
2298 5
2299 5
2300 5
2301 5
2302 5
2303 5
2304 5
2305 5
2306 5
2307 5
2308 5
2309 5
2310 5
2311 5
2312 5
2313 5
2314 5
2315 5
2316 5
2317 5
2318 5
2319 5
2320 5
2321 5
2322 5
2323 5
2324 5
2325 5
2326 5
2327 5
2328 5
2329 5
2330 5
2331 5
2332 5
2333 5
2334 5
2335 5
2336 5
2337 5
2338 5
2339 5
2340 5
2341 5
2342 5
2343 5
2344 5
2345 5
2346 5
2347 5
2348 5
2349 5
2350 3
2351 3
2352 3
2353 3
2354 3
2355 3
2356 3
2357 3
2358 3
2359 3
2360 3
2361 3
2362 3
2363 3
2364 3
2365 3
2366 3
2367 3
2368 3
2369 3
2370 3
2371 3
2372 3
2373 3
2374 3
2375 3
2376 3
2377 3
2378 3
2379 3
2380 3
2381 3
2382 3
2383 0
2384 0
2385 0
2386 0
2387 0
2388 0
2389 0
2390 0
2391 0
2392 0
2393 0
2394 0
2395 0
2396 0
2397 0
2398 0
2399 0
2400 0
2401 0
2402 0
2403 0
2404 0
2405 0
2406 0
2407 0
2408 0
2409 0
2410 0
2411 0
2412 0
2413 0
2414 0
2415 0
2416 0
2417 0
2418 0
2419 0
2420 0
2421 0
2422 0
2423 0
2424 0
2425 0
2426 0
2427 0
2428 0
2429 0
2430 0
2431 0
2432 0
2433 0
2434 0
2435 0
2436 0
2437 0
2438 0
2439 0
2440 0
2441 0
2442 0
2443 0
2444 0
2445 0
2446 0
2447 0
2448 0
2449 0
2450 0
2451 0
2452 0
2453 0
2454 0
2455 0
2456 0
2457 0
2458 0
2459 0
2460 0
2461 0
2462 4
2463 4
2464 4
2465 4
2466 4
2467 4
2468 4
2469 4
2470 4
2471 4
2472 4
2473 4
2474 4
2475 4
2476 4
2477 4
2478 4
2479 2
2480 2
2481 2
2482 4
2483 4
2484 4
2485 4
2486 4
2487 4
2488 4
2489 4
2490 2
2491 2
2492 2
2493 2
2494 2
2495 2
2496 2
2497 2
2498 2
2499 2
2500 1
2501 1
2502 4
2503 4
2504 4
2505 4
2506 4
2507 4
2508 4
2509 4
2510 4
2511 4
2512 4
2513 0
2514 0
2515 0
2516 0
2517 0
2518 0
2519 0
2520 0
2521 0
2522 0
2523 0
2524 0
2525 0
2526 0
2527 0
2528 0
2529 0
2530 0
2531 0
2532 0
2533 0
2534 0
2535 0
2536 0
2537 0
2538 0
2539 0
2540 0
2541 0
2542 0
2543 0
2544 0
2545 4
2546 2
2547 4
2548 2
2549 2
2550 2
2551 2
2552 0
2553 0
2554 0
2555 0
2556 0
2557 0
2558 0
2559 0
2560 1
2561 1
2562 1
2563 1
2564 1
2565 1
2566 1
2567 1
2568 1
2569 1
2570 0
2571 1
2572 1
2573 1
2574 1
2575 1
2576 1
2577 1
2578 1
2579 1
2580 1
2581 5
2582 5
2583 5
2584 5
2585 5
2586 5
2587 5
2588 5
2589 5
2590 5
2591 5
2592 5
2593 5
2594 5
2595 5
2596 5
2597 5
2598 5
2599 5
2600 5
2601 5
2602 5
2603 5
2604 5
2605 5
2606 5
2607 5
2608 5
2609 5
2610 5
2611 5
2612 5
2613 5
2614 5
2615 5
2616 5
2617 5
2618 5
2619 5
2620 5
2621 5
2622 5
2623 5
2624 5
2625 5
2626 5
2627 5
2628 5
2629 5
2630 5
2631 5
2632 5
2633 5
2634 5
2635 5
2636 5
2637 5
2638 5
2639 5
2640 5
2641 5
2642 5
2643 5
2644 5
2645 5
2646 5
2647 5
2648 5
2649 5
2650 5
2651 5
2652 5
2653 5
2654 5
2655 5
2656 5
2657 5
2658 5
2659 5
2660 5
2661 5
2662 3
2663 3
2664 3
2665 3
2666 3
2667 3
2668 3
2669 3
2670 3
2671 3
2672 3
2673 3
2674 3
2675 3
2676 3
2677 3
2678 3
2679 3
2680 3
2681 3
2682 3
2683 3
2684 3
2685 3
2686 3
2687 3
2688 3
2689 3
2690 3
2691 3
2692 3
2693 3
2694 3
2695 0
2696 0
2697 0
2698 0
2699 0
2700 0
2701 0
2702 0
2703 0
2704 0
2705 0
2706 0
2707 0
2708 0
2709 0
2710 0
2711 0
2712 0
2713 0
2714 0
2715 0
2716 0
2717 0
2718 0
2719 0
2720 0
2721 0
2722 0
2723 0
2724 0
2725 0
2726 0
2727 0
2728 0
2729 0
2730 0
2731 0
2732 0
2733 0
2734 0
2735 0
2736 0
2737 0
2738 0
2739 0
2740 0
2741 0
2742 0
2743 0
2744 0
2745 0
2746 0
2747 0
2748 0
2749 0
2750 0
2751 1
2752 1
2753 1
2754 1
2755 1
2756 1
2757 1
2758 1
2759 1
2760 1
2761 1
2762 1
2763 1
2764 1
2765 1
2766 1
2767 1
2768 1
2769 1
2770 1
2771 1
2772 1
2773 1
2774 1
2775 1
2776 1
2777 1
2778 1
2779 1
2780 5
2781 5
2782 5
2783 5
2784 5
2785 5
2786 5
2787 5
2788 5
2789 5
2790 5
2791 5
2792 5
2793 5
2794 5
2795 5
2796 5
2797 5
2798 5
2799 5
2800 5
2801 5
2802 5
2803 5
2804 1
2805 1
2806 1
2807 1
2808 1
2809 1
2810 1
2811 1
2812 1
2813 1
2814 1
2815 1
2816 1
2817 1
2818 1
2819 1
2820 1
2821 1
2822 1
2823 1
2824 5
2825 5
2826 5
2827 5
2828 5
2829 5
2830 5
2831 5
2832 5
2833 5
2834 5
2835 5
2836 5
2837 5
2838 5
2839 5
2840 5
2841 4
2842 4
2843 4
2844 4
2845 4
2846 2
2847 4
2848 2
2849 2
2850 2
2851 2
2852 2
2853 2
2854 2
2855 2
2856 2
2857 2
2858 4
2859 4
2860 2
2861 2
2862 2
2863 2
2864 2
2865 2
2866 2
2867 2
2868 2
2869 2
2870 2
2871 2
2872 2
2873 2
2874 2
2875 2
2876 2
2877 2
2878 2
2879 2
2880 2
2881 2
2882 2
2883 2
2884 2
2885 2
2886 2
2887 2
2888 2
2889 2
2890 2
2891 2
2892 2
2893 1
2894 1
2895 1
2896 1
2897 1
2898 1
2899 1
2900 1
2901 1
2902 1
2903 1
2904 1
2905 1
2906 1
2907 1
2908 1
2909 1
2910 1
2911 1
2912 1
2913 1
2914 1
2915 1
2916 1
2917 1
2918 1
2919 1
2920 1
2921 1
2922 1
2923 1
2924 5
2925 5
2926 5
2927 5
2928 5
2929 5
2930 5
2931 5
2932 5
2933 5
2934 5
2935 5
2936 5
2937 5
2938 5
2939 5
2940 5
2941 5
2942 5
2943 5
2944 5
2945 5
2946 5
2947 5
2948 5
2949 5
2950 5
2951 5
2952 5
2953 5
2954 5
2955 5
2956 5
2957 5
2958 5
2959 5
2960 5
2961 5
2962 5
2963 5
2964 5
2965 5
2966 5
2967 5
2968 5
2969 5
2970 5
2971 5
2972 5
2973 5
2974 5
2975 5
2976 5
2977 5
2978 5
2979 5
2980 5
2981 5
2982 5
2983 5
2984 5
2985 5
2986 5
2987 5
2988 5
2989 5
2990 5
2991 5
2992 5
2993 5
2994 5
2995 5
2996 5
2997 5
2998 3
2999 3
3000 3
3001 3
3002 3
3003 0
3004 0
3005 0
3006 0
3007 0
3008 0
3009 0
3010 0
3011 0
3012 0
3013 0
3014 0
3015 0
3016 0
3017 0
3018 0
3019 0
3020 0
3021 0
3022 0
3023 0
3024 0
3025 0
3026 0
3027 0
3028 0
3029 0
3030 0
3031 0
3032 0
3033 0
3034 0
3035 0
3036 0
3037 0
3038 0
3039 0
3040 0
3041 0
3042 0
3043 0
3044 0
3045 0
3046 0
3047 0
3048 0
3049 0
3050 0
3051 0
3052 0
3053 0
3054 0
3055 0
3056 0
3057 0
3058 0
3059 0
3060 0
3061 0
3062 0
3063 0
3064 0
3065 0
3066 0
3067 0
3068 0
3069 0
3070 0
3071 0
3072 0
3073 0
3074 0
3075 0
3076 0
3077 0
3078 0
3079 0
3080 0
3081 0
3082 4
3083 4
3084 4
3085 4
3086 4
3087 4
3088 4
3089 4
3090 4
3091 0
3092 4
3093 2
3094 2
3095 4
3096 4
3097 2
3098 4
3099 4
3100 4
3101 4
3102 4
3103 4
3104 4
3105 4
3106 4
3107 0
3108 0
3109 0
3110 0
3111 0
3112 4
3113 4
3114 4
3115 4
3116 4
3117 4
3118 4
3119 4
3120 4
3121 4
3122 4
3123 4
3124 4
3125 4
3126 4
3127 4
3128 4
3129 4
3130 4
3131 4
3132 4
3133 4
3134 4
3135 4
3136 4
3137 4
3138 4
3139 1
3140 1
3141 1
3142 1
3143 1
3144 1
3145 1
3146 1
3147 1
3148 4
3149 4
3150 4
3151 4
3152 4
3153 4
3154 4
3155 4
3156 4
3157 4
3158 4
3159 4
3160 4
3161 4
3162 4
3163 4
3164 4
3165 4
3166 4
3167 4
3168 4
3169 4
3170 4
3171 4
3172 4
3173 4
3174 4
3175 4
3176 4
3177 4
3178 4
3179 4
3180 4
3181 2
3182 2
3183 2
3184 2
3185 2
3186 2
3187 2
3188 2
3189 2
3190 2
3191 1
3192 2
3193 2
3194 2
3195 2
3196 2
3197 1
3198 1
3199 1
3200 1
3201 1
3202 1
3203 1
3204 1
3205 1
3206 1
3207 1
3208 1
3209 1
3210 1
3211 1
3212 1
3213 1
3214 2
3215 2
3216 2
3217 4
3218 4
3219 4
3220 4
3221 4
3222 4
3223 4
3224 4
3225 4
3226 4
3227 4
3228 4
3229 4
3230 4
3231 4
3232 4
3233 4
3234 4
3235 4
3236 4
3237 4
3238 4
3239 4
3240 4
3241 4
3242 5
3243 5
3244 5
3245 5
3246 5
3247 5
3248 5
3249 5
3250 5
3251 5
3252 5
3253 5
3254 5
3255 5
3256 5
3257 5
3258 5
3259 5
3260 5
3261 5
3262 5
3263 5
3264 5
3265 5
3266 5
3267 5
3268 5
3269 5
3270 5
3271 5
3272 5
3273 5
3274 5
3275 5
3276 5
3277 5
3278 3
3279 3
3280 3
3281 3
3282 3
3283 0
3284 0
3285 0
3286 0
3287 0
3288 0
3289 0
3290 0
3291 0
3292 0
3293 0
3294 0
3295 0
3296 0
3297 0
3298 0
3299 0
3300 0
3301 0
3302 0
3303 0
3304 0
3305 0
3306 0
3307 0
3308 0
3309 0
3310 0
3311 0
3312 0
3313 0
3314 0
3315 0
3316 0
3317 0
3318 0
3319 0
3320 0
3321 0
3322 0
3323 0
3324 0
3325 0
3326 0
3327 0
3328 0
3329 0
3330 4
3331 4
3332 4
3333 4
3334 4
3335 4
3336 4
3337 4
3338 4
3339 4
3340 4
3341 4
3342 4
3343 4
3344 4
3345 4
3346 4
3347 4
3348 4
3349 0
3350 0
3351 0
3352 0
3353 0
3354 0
3355 0
3356 0
3357 4
3358 4
3359 4
3360 4
3361 4
3362 4
3363 4
3364 4
3365 4
3366 4
3367 4
3368 0
3369 0
3370 0
3371 0
3372 0
3373 4
3374 0
3375 0
3376 0
3377 0
3378 0
3379 0
3380 4
3381 4
3382 4
3383 4
3384 0
3385 4
3386 4
3387 4
3388 4
3389 4
3390 4
3391 3
3392 3
3393 3
3394 3
3395 1
3396 1
3397 1
3398 1
3399 1
3400 1
3401 1
3402 1
3403 1
3404 1
3405 1
3406 1
3407 1
3408 1
3409 1
3410 1
3411 1
3412 1
3413 1
3414 1
3415 1
3416 1
3417 1
3418 1
3419 1
3420 1
3421 1
3422 1
3423 1
3424 1
3425 1
3426 1
3427 1
3428 1
3429 1
3430 1
3431 1
3432 1
3433 1
3434 1
3435 1
3436 2
3437 2
3438 2
3439 2
3440 2
3441 2
3442 1
3443 1
3444 1
3445 1
3446 1
3447 1
3448 1
3449 1
3450 4
3451 2
3452 2
3453 2
3454 1
3455 1
3456 1
3457 1
3458 1
3459 1
3460 1
3461 1
3462 1
3463 1
3464 1
3465 1
3466 1
3467 1
3468 1
3469 1
3470 1
3471 1
3472 1
3473 1
3474 1
3475 1
3476 1
3477 1
3478 1
3479 1
3480 1
3481 1
3482 1
3483 1
3484 4
3485 4
3486 4
3487 4
3488 4
3489 4
3490 4
3491 4
3492 4
3493 4
3494 4
3495 4
3496 4
3497 4
3498 4
3499 1
3500 1
3501 4
3502 4
3503 4
3504 4
3505 2
3506 2
3507 2
3508 2
3509 2
3510 2
3511 2
3512 2
3513 2
3514 2
3515 2
3516 2
3517 2
3518 2
3519 2
3520 2
3521 2
3522 2
3523 2
3524 2
3525 2
3526 2
3527 2
3528 2
3529 2
3530 2
3531 2
3532 2
3533 2
3534 2
3535 2
3536 2
3537 2
3538 2
3539 2
3540 2
3541 2
3542 2
3543 2
3544 2
3545 5
3546 5
3547 5
3548 5
3549 5
3550 5
3551 5
3552 5
3553 5
3554 5
3555 5
3556 5
3557 3
3558 3
3559 3
3560 3
3561 3
3562 3
3563 3
3564 3
3565 3
3566 3
3567 3
3568 3
3569 3
3570 3
3571 3
3572 3
3573 3
3574 3
3575 3
3576 3
3577 3
3578 3
3579 3
3580 3
3581 3
3582 3
3583 3
3584 3
3585 3
3586 3
3587 3
3588 3
3589 3
3590 3
3591 3
3592 3
3593 3
3594 3
3595 0
3596 0
3597 0
3598 0
3599 0
3600 0
3601 0
3602 0
3603 0
3604 0
3605 0
3606 0
3607 0
3608 0
3609 0
3610 0
3611 0
3612 0
3613 0
3614 0
3615 0
3616 0
3617 0
3618 0
3619 0
3620 0
3621 0
3622 0
3623 0
3624 0
3625 0
3626 0
3627 0
3628 0
3629 0
3630 0
3631 0
3632 0
3633 0
3634 0
3635 0
3636 0
3637 0
3638 0
3639 0
3640 0
3641 0
3642 0
3643 0
3644 0
3645 0
3646 0
3647 0
3648 0
3649 4
3650 4
3651 4
3652 4
3653 4
3654 4
3655 4
3656 4
3657 4
3658 4
3659 4
3660 4
3661 4
3662 4
3663 4
3664 4
3665 4
3666 4
3667 4
3668 4
3669 4
3670 4
3671 4
3672 4
3673 4
3674 4
3675 4
3676 4
3677 4
3678 4
3679 1
3680 1
3681 1
3682 1
3683 1
3684 4
3685 1
3686 1
3687 1
3688 1
3689 1
3690 1
3691 1
3692 1
3693 1
3694 1
3695 1
3696 1
3697 1
3698 1
3699 1
3700 1
3701 1
3702 1
3703 1
3704 1
3705 1
3706 1
3707 1
3708 1
3709 1
3710 1
3711 1
3712 5
3713 5
3714 5
3715 5
3716 5
3717 5
3718 5
3719 5
3720 5
3721 5
3722 5
3723 5
3724 5
3725 5
3726 5
3727 5
3728 5
3729 5
3730 5
3731 5
3732 5
3733 5
3734 5
3735 5
3736 5
3737 5
3738 5
3739 5
3740 5
3741 5
3742 5
3743 5
3744 5
3745 5
3746 5
3747 5
3748 5
3749 5
3750 5
3751 5
3752 5
3753 5
3754 5
3755 5
3756 5
3757 5
3758 5
3759 5
3760 4
3761 4
3762 4
3763 4
3764 4
3765 4
3766 4
3767 4
3768 4
3769 4
3770 2
3771 2
3772 2
3773 2
3774 1
3775 1
3776 1
3777 1
3778 1
3779 1
3780 1
3781 1
3782 1
3783 1
3784 1
3785 1
3786 1
3787 1
3788 1
3789 1
3790 1
3791 1
3792 1
3793 1
3794 1
3795 1
3796 1
3797 1
3798 1
3799 1
3800 1
3801 1
3802 1
3803 1
3804 1
3805 1
3806 1
3807 1
3808 1
3809 5
3810 5
3811 5
3812 5
3813 5
3814 5
3815 3
3816 3
3817 3
3818 3
3819 3
3820 3
3821 3
3822 3
3823 3
3824 5
3825 5
3826 5
3827 5
3828 5
3829 5
3830 5
3831 5
3832 5
3833 5
3834 5
3835 5
3836 5
3837 5
3838 5
3839 5
3840 3
3841 3
3842 3
3843 3
3844 3
3845 3
3846 3
3847 3
3848 3
3849 3
3850 3
3851 4
3852 4
3853 3
3854 3
3855 3
3856 3
3857 3
3858 3
3859 3
3860 3
3861 4
3862 4
3863 4
3864 5
3865 5
3866 3
3867 3
3868 3
3869 3
3870 3
3871 3
3872 3
3873 3
3874 3
3875 3
3876 3
3877 3
3878 3
3879 3
3880 4
3881 4
3882 4
3883 4
3884 4
3885 4
3886 4
3887 4
3888 3
3889 3
3890 3
3891 3
3892 1
3893 1
3894 1
3895 1
3896 1
3897 1
3898 1
3899 1
3900 1
3901 1
3902 1
3903 0
3904 0
3905 0
3906 0
3907 0
3908 0
3909 0
3910 0
3911 0
3912 0
3913 0
3914 0
3915 0
3916 0
3917 0
3918 0
3919 0
3920 0
3921 0
3922 0
3923 0
3924 0
3925 0
3926 4
3927 0
3928 0
3929 0
3930 0
3931 0
3932 0
3933 0
3934 0
3935 0
3936 0
3937 0
3938 0
3939 0
3940 0
3941 0
3942 0
3943 0
3944 4
3945 4
3946 4
3947 4
3948 4
3949 4
3950 4
3951 4
3952 1
3953 1
3954 1
3955 1
3956 1
3957 1
3958 2
3959 2
3960 2
3961 2
3962 4
3963 4
3964 4
3965 4
3966 4
3967 4
3968 4
3969 4
3970 4
3971 4
3972 1
3973 1
3974 1
3975 1
3976 1
3977 1
3978 1
3979 1
3980 1
3981 1
3982 1
3983 1
3984 1
3985 1
3986 5
3987 5
3988 5
3989 5
3990 5
3991 5
3992 5
3993 5
3994 5
3995 5
3996 5
3997 5
3998 5
3999 5
4000 5
4001 5
4002 5
4003 5
4004 5
4005 5
4006 5
4007 5
4008 5
4009 5
4010 5
4011 5
4012 5
4013 5
4014 5
4015 5
4016 5
4017 5
4018 5
4019 5
4020 5
4021 5
4022 5
4023 5
4024 5
4025 5
4026 5
4027 5
4028 5
4029 5
4030 5
4031 5
4032 5
4033 5
4034 5
4035 5
4036 5
4037 5
4038 4
4039 4
4040 4
4041 5
4042 5
4043 5
4044 5
4045 5
4046 5
4047 5
4048 5
4049 5
4050 5
4051 5
4052 5
4053 5
4054 5
4055 5
4056 5
4057 5
4058 5
4059 5
4060 5
4061 5
4062 5
4063 5
4064 5
4065 5
4066 5
4067 5
4068 5
4069 5
4070 5
4071 5
4072 5
4073 5
4074 5
4075 5
4076 5
4077 5
4078 5
4079 5
4080 5
4081 5
4082 5
4083 5
4084 5
4085 5
4086 2
4087 2
4088 2
4089 2
4090 1
4091 1
4092 1
4093 1
4094 1
4095 1
4096 2
4097 2
4098 2
4099 2
4100 1
4101 1
4102 1
4103 1
4104 1
4105 1
4106 1
4107 1
4108 1
4109 1
4110 1
4111 1
4112 1
4113 1
4114 1
4115 1
4116 2
4117 2
4118 2
4119 2
4120 2
4121 2
4122 2
4123 2
4124 2
4125 2
4126 2
4127 2
4128 2
4129 2
4130 2
4131 2
4132 2
4133 2
4134 2
4135 2
4136 2
4137 2
4138 2
4139 2
4140 2
4141 3
4142 3
4143 3
4144 3
4145 3
4146 3
4147 3
4148 3
4149 3
4150 3
4151 3
4152 3
4153 3
4154 3
4155 0
4156 0
4157 0
4158 0
4159 0
4160 0
4161 0
4162 0
4163 0
4164 0
4165 0
4166 0
4167 0
4168 0
4169 0
4170 0
4171 0
4172 0
4173 0
4174 0
4175 0
4176 0
4177 0
4178 0
4179 0
4180 0
4181 0
4182 0
4183 0
4184 0
4185 0
4186 0
4187 0
4188 0
4189 0
4190 0
4191 0
4192 0
4193 0
4194 0
4195 0
4196 0
4197 0
4198 0
4199 0
4200 0
4201 0
4202 0
4203 0
4204 0
4205 0
4206 0
4207 0
4208 5
4209 5
4210 5
4211 5
4212 5
4213 5
4214 5
4215 5
4216 5
4217 5
4218 5
4219 5
4220 5
4221 5
4222 5
4223 5
4224 5
4225 5
4226 5
4227 5
4228 5
4229 5
4230 5
4231 1
4232 5
4233 5
4234 5
4235 5
4236 3
4237 3
4238 1
4239 1
4240 1
4241 1
4242 1
4243 1
4244 1
4245 1
4246 1
4247 1
4248 1
4249 1
4250 4
4251 3
4252 3
4253 3
4254 3
4255 3
4256 3
4257 3
4258 3
4259 3
4260 3
4261 3
4262 3
4263 3
4264 3
4265 3
4266 3
4267 3
4268 3
4269 3
4270 3
4271 3
4272 3
4273 3
4274 3
4275 3
4276 3
4277 3
4278 3
4279 3
4280 3
4281 3
4282 3
4283 3
4284 0
4285 0
4286 0
4287 0
4288 0
4289 0
4290 0
4291 0
4292 0
4293 0
4294 0
4295 0
4296 0
4297 0
4298 0
4299 0
4300 0
4301 0
4302 0
4303 0
4304 0
4305 0
4306 0
4307 0
4308 0
4309 0
4310 0
4311 0
4312 0
4313 0
4314 0
4315 0
4316 0
4317 0
4318 0
4319 0
4320 0
4321 0
4322 0
4323 0
4324 0
4325 0
4326 0
4327 0
4328 0
4329 0
4330 0
4331 0
4332 0
4333 0
4334 0
4335 0
4336 0
4337 0
4338 0
4339 0
4340 0
4341 0
4342 0
4343 0
4344 0
4345 0
4346 0
4347 0
4348 0
4349 0
4350 0
4351 0
4352 0
4353 0
4354 0
4355 0
4356 0
4357 4
4358 4
4359 4
4360 4
4361 4
4362 0
4363 0
4364 4
4365 2
4366 2
4367 2
4368 4
4369 4
4370 4
4371 4
4372 2
4373 2
4374 2
4375 2
4376 2
4377 2
4378 1
4379 1
4380 1
4381 1
4382 1
4383 1
4384 1
4385 1
4386 1
4387 1
4388 1
4389 1
4390 1
4391 1
4392 1
4393 1
4394 1
4395 2
4396 2
4397 2
4398 2
4399 2
4400 2
4401 2
4402 1
4403 1
4404 1
4405 5
4406 5
4407 5
4408 3
4409 3
4410 2
4411 2
4412 2
4413 2
4414 2
4415 2
4416 1
4417 1
4418 1
4419 1
4420 3
4421 3
4422 3
4423 3
4424 3
4425 3
4426 3
4427 3
4428 3
4429 0
4430 0
4431 0
4432 0
4433 0
4434 0
4435 0
4436 0
4437 0
4438 0
4439 5
4440 5
4441 5
4442 5
4443 5
4444 5
4445 5
4446 5
4447 5
4448 5
4449 5
4450 5
4451 5
4452 5
4453 5
4454 5
4455 5
4456 5
4457 5
4458 5
4459 5
4460 5
4461 5
4462 5
4463 5
4464 5
4465 5
4466 5
4467 5
4468 5
4469 5
4470 5
4471 5
4472 5
4473 5
4474 5
4475 5
4476 5
4477 5
4478 5
4479 5
4480 5
4481 5
4482 5
4483 5
4484 5
4485 5
4486 5
4487 5
4488 5
4489 5
4490 5
4491 5
4492 5
4493 5
4494 5
4495 5
4496 5
4497 5
4498 5
4499 5
4500 5
4501 5
4502 5
4503 1
4504 1
4505 1
4506 1
4507 1
4508 1
4509 1
4510 1
4511 5
4512 5
4513 5
4514 4
4515 4
4516 4
4517 4
4518 4
4519 4
4520 4
4521 4
4522 2
4523 2
4524 2
4525 2
4526 2
4527 2
4528 2
4529 2
4530 2
4531 2
4532 2
4533 2
4534 2
4535 2
4536 2
4537 2
4538 2
4539 2
4540 2
4541 2
4542 2
4543 2
4544 2
4545 2
4546 2
4547 2
4548 2
4549 2
4550 2
4551 2
4552 2
4553 2
4554 2
4555 2
4556 2
4557 2
4558 2
4559 2
4560 2
4561 2
4562 2
4563 2
4564 2
4565 2
4566 0
4567 0
4568 0
4569 0
4570 0
4571 0
4572 0
4573 0
4574 0
4575 0
4576 0
4577 0
4578 0
4579 0
4580 0
4581 0
4582 0
4583 0
4584 0
4585 0
4586 0
4587 0
4588 0
4589 0
4590 0
4591 0
4592 0
4593 0
4594 0
4595 0
4596 0
4597 0
4598 0
4599 0
4600 0
4601 0
4602 0
4603 0
4604 0
4605 0
4606 0
4607 0
4608 0
4609 0
4610 0
4611 0
4612 0
4613 4
4614 4
4615 4
4616 4
4617 4
4618 4
4619 4
4620 4
4621 4
4622 4
4623 4
4624 4
4625 4
4626 4
4627 4
4628 4
4629 4
4630 4
4631 4
4632 4
4633 4
4634 4
4635 4
4636 4
4637 4
4638 4
4639 4
4640 4
4641 4
4642 4
4643 3
4644 3
4645 3
4646 3
4647 3
4648 2
4649 2
4650 4
4651 4
4652 4
4653 4
4654 4
4655 4
4656 4
4657 4
4658 5
4659 5
4660 5
4661 1
4662 1
4663 1
4664 1
4665 1
4666 2
4667 2
4668 2
4669 5
4670 5
4671 5
4672 5
4673 5
4674 5
4675 5
4676 5
4677 5
4678 5
4679 5
4680 5
4681 5
4682 5
4683 5
4684 5
4685 5
4686 5
4687 5
4688 1
4689 1
4690 1
4691 1
4692 1
4693 1
4694 1
4695 1
4696 1
4697 1
4698 1
4699 1
4700 1
4701 1
4702 1
4703 1
4704 1
4705 1
4706 1
4707 1
4708 1
4709 1
4710 1
4711 1
4712 1
4713 1
4714 5
4715 5
4716 5
4717 5
4718 5
4719 5
4720 5
4721 5
4722 5
4723 5
4724 5
4725 5
4726 5
4727 5
4728 5
4729 3
4730 3
4731 3
4732 3
4733 5
4734 5
4735 5
4736 5
4737 5
4738 5
4739 1
4740 1
4741 1
4742 1
4743 1
4744 1
4745 1
4746 1
4747 1
4748 1
4749 1
4750 1
4751 1
4752 1
4753 1
4754 5
4755 5
4756 5
4757 1
4758 1
4759 5
4760 5
4761 5
4762 5
4763 5
4764 5
4765 5
4766 5
4767 5
4768 5
4769 5
4770 5
4771 0
4772 0
4773 0
4774 0
4775 0
4776 0
4777 0
4778 0
4779 0
4780 0
4781 0
4782 0
4783 0
4784 0
4785 0
4786 0
4787 0
4788 0
4789 0
4790 0
4791 0
4792 0
4793 0
4794 0
4795 0
4796 0
4797 0
4798 0
4799 0
4800 0
4801 0
4802 0
4803 0
4804 0
4805 0
4806 0
4807 0
4808 0
4809 0
4810 0
4811 0
4812 0
4813 0
4814 0
4815 0
4816 0
4817 0
4818 0
4819 0
4820 0
4821 0
4822 0
4823 0
4824 0
4825 0
4826 0
4827 0
4828 0
4829 0
4830 0
4831 0
4832 0
4833 0
4834 0
4835 0
4836 0
4837 4
4838 4
4839 4
4840 4
4841 4
4842 4
4843 0
4844 0
4845 0
4846 0
4847 0
4848 0
4849 0
4850 4
4851 4
4852 4
4853 4
4854 4
4855 4
4856 4
4857 4
4858 4
4859 4
4860 4
4861 4
4862 4
4863 4
4864 4
4865 4
4866 4
4867 4
4868 4
4869 4
4870 4
4871 4
4872 4
4873 4
4874 4
4875 4
4876 4
4877 4
4878 4
4879 4
4880 4
4881 4
4882 4
4883 4
4884 4
4885 4
4886 4
4887 4
4888 4
4889 4
4890 4
4891 4
4892 4
4893 4
4894 4
4895 4
4896 4
4897 4
4898 4
4899 4
4900 4
4901 4
4902 4
4903 4
4904 4
4905 4
4906 4
4907 4
4908 4
4909 4
4910 4
4911 4
4912 4
4913 4
4914 4
4915 4
4916 4
4917 4
4918 0
4919 0
4920 0
4921 0
4922 0
4923 0
4924 0
4925 0
4926 0
4927 0
4928 0
4929 0
4930 0
4931 0
4932 0
4933 0
4934 0
4935 0
4936 0
4937 0
4938 0
4939 0
4940 0
4941 0
4942 0
4943 0
4944 0
4945 0
4946 0
4947 0
4948 0
4949 0
4950 0
4951 0
4952 0
4953 0
4954 0
4955 0
4956 0
4957 0
4958 0
4959 0
4960 0
4961 0
4962 0
4963 0
4964 0
4965 5
4966 5
4967 5
4968 5
4969 5
4970 5
4971 5
4972 5
4973 5
4974 5
4975 5
4976 5
4977 5
4978 5
4979 5
4980 5
4981 5
4982 5
4983 5
4984 5
4985 5
4986 5
4987 5
4988 5
4989 5
4990 5
4991 5
4992 5
4993 5
4994 5
4995 5
4996 5
4997 5
4998 5
4999 5
5000 5
5001 5
5002 5
5003 1
5004 1
5005 1
5006 5
5007 5
5008 5
5009 5
5010 5
5011 5
5012 5
5013 5
5014 5
5015 5
5016 5
5017 5
5018 5
5019 5
5020 5
5021 5
5022 5
5023 5
5024 5
5025 5
5026 5
5027 5
5028 5
5029 5
5030 5
5031 3
5032 3
5033 3
5034 3
5035 3
5036 3
5037 3
5038 3
5039 3
5040 3
5041 3
5042 3
5043 3
5044 3
5045 3
5046 3
5047 3
5048 3
5049 0
5050 0
5051 0
5052 0
5053 0
5054 0
5055 0
5056 0
5057 0
5058 0
5059 0
5060 0
5061 0
5062 0
5063 0
5064 0
5065 0
5066 0
5067 0
5068 0
5069 0
5070 0
5071 0
5072 0
5073 0
5074 0
5075 0
5076 0
5077 0
5078 0
5079 0
5080 0
5081 0
5082 0
5083 0
5084 0
5085 0
5086 0
5087 0
5088 0
5089 0
5090 0
5091 0
5092 0
5093 0
5094 0
5095 0
5096 0
5097 0
5098 0
5099 0
5100 0
5101 0
5102 0
5103 0
5104 0
5105 0
5106 0
5107 0
5108 0
5109 0
5110 0
5111 0
5112 0
5113 0
5114 0
5115 0
5116 0
5117 0
5118 0
5119 0
5120 0
5121 0
5122 4
5123 4
5124 4
5125 4
5126 4
5127 4
5128 4
5129 4
5130 4
5131 4
5132 4
5133 4
5134 4
5135 4
5136 4
5137 4
5138 4
5139 4
5140 4
5141 4
5142 4
5143 4
5144 4
5145 4
5146 4
5147 4
5148 4
5149 4
5150 4
5151 0
5152 0
5153 0
5154 0
5155 4
5156 2
5157 2
5158 1
5159 1
5160 1
5161 1
5162 1
5163 1
5164 1
5165 1
5166 5
5167 5
5168 5
5169 5
5170 1
5171 1
5172 1
5173 1
5174 1
5175 1
5176 1
5177 5
5178 5
5179 5
5180 5
5181 5
5182 5
5183 5
5184 5
5185 5
5186 5
5187 5
5188 5
5189 5
5190 5
5191 5
5192 5
5193 5
5194 5
5195 5
5196 5
5197 5
5198 5
5199 5
5200 5
5201 5
5202 5
5203 5
5204 5
5205 5
5206 5
5207 5
5208 5
5209 5
5210 5
5211 5
5212 5
5213 5
5214 5
5215 5
5216 5
5217 5
5218 5
5219 5
5220 5
5221 5
5222 5
5223 5
5224 5
5225 5
5226 5
5227 5
5228 5
5229 5
5230 5
5231 3
5232 3
5233 3
5234 3
5235 4
5236 4
5237 4
5238 5
5239 5
5240 5
5241 5
5242 5
5243 5
5244 5
5245 5
5246 5
5247 5
5248 5
5249 5
5250 0
5251 0
5252 0
5253 0
5254 0
5255 0
5256 0
5257 0
5258 0
5259 0
5260 0
5261 0
5262 0
5263 0
5264 0
5265 0
5266 0
5267 0
5268 0
5269 0
5270 0
5271 0
5272 0
5273 0
5274 0
5275 0
5276 0
5277 0
5278 0
5279 0
5280 0
5281 0
5282 0
5283 0
5284 0
5285 0
5286 0
5287 0
5288 0
5289 0
5290 0
5291 0
5292 0
5293 0
5294 0
5295 0
5296 0
5297 0
5298 0
5299 0
5300 0
5301 0
5302 0
5303 0
5304 0
5305 0
5306 0
5307 0
5308 0
5309 0
5310 0
5311 0
5312 0
5313 0
5314 0
5315 0
5316 0
5317 0
5318 0
5319 4
5320 4
5321 4
5322 4
5323 4
5324 4
5325 4
5326 4
5327 4
5328 4
5329 4
5330 4
5331 4
5332 4
5333 4
5334 4
5335 4
5336 4
5337 4
5338 4
5339 4
5340 4
5341 4
5342 4
5343 4
5344 4
5345 4
5346 4
5347 4
5348 4
5349 4
5350 4
5351 4
5352 4
5353 4
5354 4
5355 4
5356 4
5357 4
5358 4
5359 4
5360 4
5361 4
5362 4
5363 4
5364 4
5365 4
5366 4
5367 4
5368 4
5369 4
5370 4
5371 4
5372 4
5373 4
5374 4
5375 4
5376 0
5377 0
5378 0
5379 0
5380 4
5381 1
5382 1
5383 1
5384 1
5385 1
5386 1
5387 1
5388 1
5389 1
5390 1
5391 1
5392 4
5393 4
5394 4
5395 4
5396 4
5397 4
5398 4
5399 4
5400 4
5401 4
5402 4
5403 5
5404 5
5405 5
5406 5
5407 5
5408 5
5409 5
5410 5
5411 5
5412 5
5413 5
5414 5
5415 5
5416 5
5417 5
5418 5
5419 5
5420 5
5421 5
5422 5
5423 5
5424 5
5425 5
5426 5
5427 5
5428 5
5429 5
5430 5
5431 5
5432 5
5433 5
5434 5
5435 5
5436 5
5437 5
5438 5
5439 5
5440 5
5441 5
5442 5
5443 5
5444 5
5445 5
5446 5
5447 5
5448 3
5449 3
5450 3
5451 3
5452 3
5453 3
5454 3
5455 3
5456 3
5457 3
5458 3
5459 3
5460 3
5461 3
5462 3
5463 3
5464 3
5465 3
5466 3
5467 3
5468 3
5469 3
5470 3
5471 3
5472 3
5473 3
5474 3
5475 3
5476 3
5477 3
5478 3
5479 0
5480 0
5481 0
5482 0
5483 0
5484 0
5485 0
5486 0
5487 0
5488 0
5489 0
5490 0
5491 0
5492 0
5493 0
5494 0
5495 0
5496 0
5497 0
5498 0
5499 0
5500 0
5501 0
5502 0
5503 0
5504 0
5505 0
5506 0
5507 0
5508 0
5509 0
5510 0
5511 0
5512 0
5513 0
5514 0
5515 0
5516 0
5517 0
5518 0
5519 0
5520 0
5521 0
5522 0
5523 0
5524 0
5525 0
5526 0
5527 0
5528 0
5529 0
5530 0
5531 0
5532 0
5533 0
5534 0
5535 0
5536 0
5537 0
5538 0
5539 0
5540 0
5541 0
5542 0
5543 0
5544 0
5545 0
5546 0
5547 0
5548 0
5549 0
5550 0
5551 0
5552 0
5553 0
5554 0
5555 0
5556 0
5557 0
5558 0
5559 4
5560 4
5561 4
5562 4
5563 4
5564 4
5565 4
5566 4
5567 4
5568 4
5569 4
5570 4
5571 4
5572 4
5573 4
5574 4
5575 4
5576 4
5577 4
5578 4
5579 4
5580 4
5581 4
5582 4
5583 4
5584 4
5585 4
5586 4
5587 4
5588 4
5589 4
5590 4
5591 4
5592 4
5593 4
5594 4
5595 4
5596 4
5597 4
5598 4
5599 4
5600 4
5601 4
5602 4
5603 4
5604 4
5605 4
5606 4
5607 4
5608 4
5609 4
5610 4
5611 4
5612 4
5613 4
5614 4
5615 4
5616 1
5617 1
5618 1
5619 1
5620 1
5621 0
5622 0
5623 0
5624 0
5625 0
5626 0
5627 0
5628 0
5629 0
5630 0
5631 0
5632 0
5633 0
5634 0
5635 0
5636 0
5637 0
5638 0
5639 0
5640 0
5641 0
5642 0
5643 0
5644 0
5645 0
5646 0
5647 0
5648 5
5649 5
5650 5
5651 5
5652 5
5653 5
5654 0
5655 0
5656 0
5657 0
5658 0
5659 0
5660 0
5661 0
5662 0
5663 0
5664 0
5665 0
5666 0
5667 0
5668 0
5669 0
5670 0
5671 0
5672 0
5673 0
5674 0
5675 0
5676 0
5677 0
5678 0
5679 0
5680 0
5681 0
5682 0
5683 0
5684 0
5685 0
5686 0
5687 0
5688 0
5689 0
5690 0
5691 0
5692 0
5693 0
5694 0
5695 0
5696 0
5697 0
5698 0
5699 0
5700 0
5701 0
5702 0
5703 0
5704 0
5705 0
5706 0
5707 0
5708 0
5709 0
5710 0
5711 4
5712 4
5713 4
5714 4
5715 4
5716 4
5717 4
5718 0
5719 0
5720 0
5721 0
5722 0
5723 0
5724 0
5725 0
5726 0
5727 0
5728 0
5729 0
5730 0
5731 0
5732 0
5733 0
5734 0
5735 0
5736 0
5737 0
5738 0
5739 0
5740 0
5741 0
5742 0
5743 0
5744 0
5745 4
5746 0
5747 0
5748 4
5749 4
5750 4
5751 4
5752 4
5753 4
5754 4
5755 4
5756 4
5757 4
5758 4
5759 4
5760 4
5761 4
5762 4
5763 4
5764 4
5765 4
5766 4
5767 4
5768 4
5769 4
5770 4
5771 4
5772 4
5773 4
5774 4
5775 4
5776 4
5777 4
5778 4
5779 4
5780 4
5781 4
5782 4
5783 4
5784 4
5785 4
5786 4
5787 4
5788 4
5789 4
5790 4
5791 4
5792 4
5793 4
5794 4
5795 4
5796 4
5797 4
5798 4
5799 4
5800 4
5801 4
5802 4
5803 4
5804 4
5805 4
5806 4
5807 4
5808 4
5809 4
5810 4
5811 4
5812 0
5813 0
5814 0
5815 0
5816 0
5817 0
5818 0
5819 0
5820 0
5821 0
5822 0
5823 4
5824 4
5825 4
5826 4
5827 4
5828 4
5829 4
5830 4
5831 0
5832 0
5833 0
5834 0
5835 0
5836 4
5837 4
5838 4
5839 4
5840 0
5841 0
5842 0
5843 0
5844 0
5845 0
5846 0
5847 0
5848 0
5849 0
5850 0
5851 0
5852 0
5853 0
5854 0
5855 0
5856 0
5857 0
5858 0
5859 0
5860 0
5861 0
5862 0
5863 0
5864 0
5865 0
5866 0
5867 0
5868 0
5869 0
5870 0
5871 0
5872 4
5873 4
5874 4
5875 4
5876 4
5877 4
5878 4
5879 4
5880 4
5881 4
5882 4
5883 4
5884 4
5885 4
5886 4
5887 4
5888 4
5889 4
5890 4
5891 4
5892 4
5893 4
5894 4
5895 4
5896 4
5897 4
5898 4
5899 4
5900 4
5901 4
5902 4
5903 4
5904 4
5905 4
5906 4
5907 4
5908 4
5909 4
5910 4
5911 4
5912 4
5913 4
5914 4
5915 4
5916 4
5917 4
5918 4
5919 4
5920 4
5921 4
5922 4
5923 4
5924 4
5925 4
5926 4
5927 4
5928 4
5929 4
5930 4
5931 4
5932 4
5933 4
5934 4
5935 4
5936 4
5937 4
5938 4
5939 4
5940 4
5941 4
5942 4
5943 4
5944 4
5945 4
5946 4
5947 4
5948 4
5949 4
5950 4
5951 4
5952 4
5953 4
5954 4
5955 4
5956 4
5957 4
5958 4
5959 4
5960 4
5961 4
5962 4
5963 4
5964 4
5965 4
5966 4
5967 4
5968 4
5969 4
5970 4
5971 4
5972 4
5973 4
5974 4
5975 4
5976 4
5977 4
5978 4
5979 4
5980 4
5981 4
5982 4
5983 4
5984 4
5985 4
5986 4
5987 4
5988 4
5989 4
5990 4
5991 4
5992 4
5993 4
5994 4
5995 4
5996 4
5997 4
5998 4
5999 4
6000 4
6001 4
6002 4
6003 4
6004 4
6005 4
6006 4
6007 4
6008 4
6009 4
6010 4
6011 4
6012 4
6013 4
6014 4
6015 4
6016 4
6017 4
6018 0
6019 4
6020 4
6021 4
6022 4
6023 4
6024 4
6025 4
6026 4
6027 4
6028 4
6029 4
6030 4
6031 4
6032 4
6033 4
6034 4
6035 4
6036 4
6037 4
6038 4
6039 4
6040 4
6041 4
6042 4
6043 4
6044 4
6045 4
6046 4
6047 4
6048 4
6049 4
6050 4
6051 4
6052 4
6053 4
6054 4
6055 4
6056 4
6057 4
6058 4
6059 4
6060 4
6061 4
6062 4
6063 4
6064 4
6065 4
6066 4
6067 4
6068 4
6069 4
6070 4
6071 4
6072 4
6073 4
6074 4
6075 4
6076 4
6077 4
6078 4
6079 4
6080 4
6081 4
6082 4
6083 4
6084 4
6085 4
6086 4
6087 4
6088 4
6089 4
6090 4
6091 4
6092 4
6093 4
6094 4
6095 0
6096 0
6097 0
6098 0
6099 0
6100 0
6101 0
6102 0
6103 0
6104 0
6105 0
6106 0
6107 0
6108 0
6109 0
6110 0
6111 0
6112 0
6113 0
6114 4
6115 0
6116 4
6117 4
6118 4
6119 4
6120 4
6121 4
6122 4
6123 4
6124 4
6125 4
6126 4
6127 4
6128 4
6129 4
6130 0
6131 4
6132 0
6133 0
6134 0
6135 0
6136 0
6137 0
6138 0
6139 4
6140 0
6141 4
6142 4
6143 4
6144 4
6145 4
6146 4
6147 4
6148 4
6149 4
6150 4
6151 4
6152 4
6153 4
6154 4
6155 4
6156 4
6157 4
6158 4
6159 4
6160 4
6161 4
6162 4
6163 4
6164 4
6165 4
6166 4
6167 4
6168 4
6169 4
6170 4
6171 4
6172 4
6173 4
6174 4
6175 4
6176 4
6177 4
6178 4
6179 4
6180 4
6181 4
6182 4
6183 4
6184 4
6185 4
6186 4
6187 4
6188 4
6189 4
6190 4
6191 4
6192 4
6193 4
6194 4
6195 4
6196 4
6197 4
6198 4
6199 4
6200 4
6201 4
6202 4
6203 4
6204 4
6205 4
6206 4
6207 4
6208 4
6209 4
6210 4
6211 4
6212 4
6213 4
6214 4
6215 4
6216 4
6217 4
6218 4
6219 4
6220 4
6221 4
6222 4
6223 4
6224 4
6225 4
6226 4
6227 4
6228 4
6229 4
6230 4
6231 4
6232 4
6233 4
6234 4
6235 4
6236 4
6237 4
6238 4
6239 4
6240 4
6241 4
6242 4
6243 4
6244 4
6245 4
6246 4
6247 4
6248 4
6249 4
6250 4
6251 4
6252 4
6253 4
6254 4
6255 4
6256 4
6257 4
6258 4
6259 4
6260 4
6261 4
6262 4
6263 4
6264 4
6265 4
6266 4
6267 4
6268 4
6269 4
6270 4
6271 4
6272 4
6273 4
6274 4
6275 4
6276 4
6277 4
6278 4
6279 4
6280 4
6281 4
6282 4
6283 4
6284 4
6285 4
6286 4
6287 4
6288 4
6289 4
6290 4
6291 4
6292 4
6293 4
6294 4
6295 4
6296 4
6297 4
6298 4
6299 4
6300 4
6301 4
6302 4
6303 4
6304 4
6305 4
6306 4
6307 4
6308 4
6309 4
6310 4
6311 4
6312 4
6313 4
6314 4
6315 4
6316 4
6317 4
6318 4
6319 4
6320 4
6321 4
6322 4
6323 4
6324 4
6325 4
6326 4
6327 4
6328 4
6329 4
6330 4
6331 4
6332 4
6333 4
6334 4
6335 4
6336 4
6337 4
6338 4
6339 4
6340 4
6341 4
6342 4
6343 4
6344 4
6345 4
6346 4
6347 4
6348 4
6349 4
6350 4
6351 4
6352 4
6353 4
6354 4
6355 4
6356 4
6357 4
6358 4
6359 4
6360 4
6361 4
6362 4
6363 4
6364 4
6365 4
6366 4
6367 4
6368 4
6369 4
6370 4
6371 4
6372 4
6373 4
6374 4
6375 4
6376 4
6377 4
6378 4
6379 4
6380 4
6381 4
6382 4
6383 0
6384 0
6385 0
6386 0
6387 0
6388 0
6389 0
6390 0
6391 0
6392 0
6393 0
6394 0
6395 0
6396 0
6397 0
6398 0
6399 0
6400 0
6401 0
6402 0
6403 0
6404 0
6405 4
6406 3
6407 3
6408 0
6409 3
6410 0
6411 0
6412 3
6413 3
6414 3
6415 3
6416 3
6417 3
6418 3
6419 3
6420 3
6421 3
6422 3
6423 3
6424 3
6425 3
6426 3
6427 3
6428 3
6429 3
6430 3
6431 2
6432 2
6433 2
6434 2
6435 2
6436 4
6437 4
6438 4
6439 4
6440 4
6441 4
6442 4
6443 4
6444 4
6445 4
6446 4
6447 4
6448 4
6449 4
6450 4
6451 4
6452 4
6453 4
6454 4
6455 4
6456 4
6457 4
6458 4
6459 4
6460 4
6461 4
6462 4
6463 4
6464 4
6465 4
6466 4
6467 4
6468 4
6469 4
6470 4
6471 4
6472 4
6473 4
6474 4
6475 4
6476 4
6477 4
6478 4
6479 4
6480 4
6481 4
6482 4
6483 4
6484 4
6485 4
6486 4
6487 4
6488 4
6489 4
6490 4
6491 4
6492 4
6493 4
6494 4
6495 4
6496 4
6497 4
6498 4
6499 4
6500 4
6501 4
6502 4
6503 4
6504 4
6505 4
6506 4
6507 4
6508 4
6509 4
6510 4
6511 4
6512 4
6513 4
6514 4
6515 4
6516 4
6517 4
6518 4
6519 4
6520 4
6521 4
6522 4
6523 4
6524 4
6525 4
6526 4
6527 4
6528 4
6529 4
6530 4
6531 4
6532 4
6533 4
6534 4
6535 4
6536 4
6537 4
6538 4
6539 4
6540 4
6541 4
6542 4
6543 4
6544 4
6545 4
6546 4
6547 4
6548 4
6549 4
6550 4
6551 4
6552 4
6553 4
6554 4
6555 4
6556 4
6557 4
6558 3
6559 3
6560 3
6561 3
6562 3
6563 3
6564 3
6565 3
6566 3
6567 3
6568 3
6569 3
6570 3
6571 3
6572 3
6573 3
6574 3
6575 3
6576 3
6577 3
6578 3
6579 3
6580 3
6581 3
6582 3
6583 2
6584 2
6585 2
6586 2
6587 2
6588 2
6589 2
6590 2
6591 4
6592 4
6593 4
6594 4
6595 4
6596 4
6597 4
6598 4
6599 4
6600 4
6601 2
6602 2
6603 2
6604 2
6605 2
6606 4
6607 4
6608 4
6609 4
6610 4
6611 4
6612 4
6613 4
6614 4
6615 4
6616 4
6617 4
6618 4
6619 4
6620 4
6621 4
6622 4
6623 4
6624 4
6625 4
6626 4
6627 4
6628 4
6629 2
6630 2
6631 2
6632 4
6633 4
6634 4
6635 4
6636 4
6637 4
6638 4
6639 4
6640 4
6641 4
6642 4
6643 4
6644 4
6645 4
6646 4
6647 4
6648 4
6649 4
6650 4
6651 4
6652 4
6653 4
6654 4
6655 4
6656 4
6657 4
6658 4
6659 4
6660 4
6661 4
6662 4
6663 4
6664 4
6665 4
6666 4
6667 4
6668 4
6669 4
6670 4
6671 4
6672 4
6673 4
6674 2
6675 2
6676 2
6677 2
6678 2
6679 2
6680 2
6681 2
6682 2
6683 2
6684 2
6685 2
6686 2
6687 2
6688 2
6689 2
6690 2
6691 2
6692 2
6693 2
6694 2
6695 2
6696 2
6697 2
6698 2
6699 2
6700 2
6701 2
6702 2
6703 2
6704 2
6705 4
6706 4
6707 4
6708 4
6709 4
6710 4
6711 4
6712 4
6713 4
6714 4
6715 4
6716 4
6717 4
6718 4
6719 4
6720 2
6721 2
6722 2
6723 2
6724 2
6725 2
6726 2
6727 2
6728 2
6729 2
6730 2
6731 2
6732 2
6733 2
6734 2
6735 2
6736 2
6737 2
6738 2
6739 2
6740 2
6741 2
6742 2
6743 2
6744 2
6745 2
6746 4
6747 4
6748 4
6749 4
6750 4
6751 2
6752 2
6753 2
6754 2
6755 2
6756 2
6757 2
6758 2
6759 2
6760 2
6761 2
6762 2
6763 2
6764 2
6765 2
6766 2
6767 4
6768 4
6769 4
6770 4
6771 4
6772 4
6773 4
6774 4
6775 4
6776 4
6777 4
6778 4
6779 4
6780 4
6781 4
6782 4
6783 4
6784 4
6785 4
6786 4
6787 4
6788 4
6789 4
6790 4
6791 5
6792 5
6793 5
6794 5
6795 5
6796 5
6797 5
6798 5
6799 5
6800 5
6801 5
6802 5
6803 5
6804 5
6805 5
6806 5
6807 5
6808 5
6809 5
6810 5
6811 5
6812 5
6813 5
6814 5
6815 5
6816 5
6817 5
6818 5
6819 5
6820 5
6821 5
6822 5
6823 5
6824 5
6825 5
6826 5
6827 5
6828 5
6829 5
6830 5
6831 5
6832 5
6833 5
6834 5
6835 5
6836 5
6837 5
6838 5
6839 5
6840 5
6841 5
6842 5
6843 5
6844 5
6845 5
6846 3
6847 5
6848 3
6849 3
6850 3
6851 3
6852 3
6853 3
6854 3
6855 3
6856 3
6857 3
6858 3
6859 3
6860 3
6861 3
6862 3
6863 3
6864 3
6865 3
6866 3
6867 3
6868 3
6869 3
6870 3
6871 3
6872 3
6873 3
6874 3
6875 3
6876 3
6877 3
6878 3
6879 3
6880 3
6881 3
6882 3
6883 3
6884 3
6885 3
6886 3
6887 3
6888 3
6889 3
6890 3
6891 3
6892 3
6893 3
6894 3
6895 3
6896 3
6897 3
6898 3
6899 3
6900 3
6901 3
6902 3
6903 3
6904 3
6905 3
6906 3
6907 3
6908 3
6909 3
6910 3
6911 3
6912 3
6913 3
6914 3
6915 3
6916 3
6917 3
6918 3
6919 3
6920 3
6921 3
6922 3
6923 3
6924 3
6925 0
6926 0
6927 0
6928 0
6929 0
6930 0
6931 0
6932 0
6933 0
6934 0
6935 0
6936 0
6937 0
6938 0
6939 0
6940 0
6941 0
6942 0
6943 0
6944 0
6945 0
6946 0
6947 0
6948 0
6949 0
6950 0
6951 0
6952 0
6953 0
6954 0
6955 0
6956 0
6957 0
6958 0
6959 0
6960 0
6961 0
6962 0
6963 3
6964 3
6965 3
6966 3
6967 3
6968 3
6969 3
6970 3
6971 3
6972 0
6973 0
6974 3
6975 3
6976 3
6977 3
6978 3
6979 3
6980 3
6981 3
6982 3
6983 3
6984 3
6985 3
6986 3
6987 3
6988 3
6989 3
6990 3
6991 3
6992 3
6993 3
6994 3
6995 3
6996 3
6997 3
6998 3
6999 3
7000 3
7001 3
7002 3
7003 3
7004 3
7005 3
7006 3
7007 2
7008 2
7009 2
7010 2
7011 2
7012 2
7013 2
7014 2
7015 2
7016 2
7017 2
7018 2
7019 2
7020 2
7021 2
7022 2
7023 2
7024 2
7025 2
7026 2
7027 2
7028 2
7029 2
7030 2
7031 2
7032 2
7033 2
7034 2
7035 2
7036 2
7037 2
7038 2
7039 2
7040 2
7041 2
7042 2
7043 0
7044 0
7045 0
7046 0
7047 0
7048 0
7049 0
7050 0
7051 0
7052 3
7053 0
7054 0
7055 0
7056 0
7057 0
7058 0
7059 0
7060 0
7061 0
7062 0
7063 0
7064 0
7065 0
7066 3
7067 3
7068 3
7069 3
7070 3
7071 3
7072 3
7073 3
7074 3
7075 3
7076 3
7077 3
7078 3
7079 3
7080 3
7081 3
7082 3
7083 3
7084 3
7085 3
7086 3
7087 3
7088 3
7089 3
7090 3
7091 3
7092 3
7093 3
7094 3
7095 3
7096 3
7097 3
7098 2
7099 2
7100 2
7101 2
7102 3
7103 3
7104 3
7105 3
7106 2
7107 2
7108 2
7109 2
7110 2
7111 2
7112 2
7113 2
7114 2
7115 2
7116 2
7117 2
7118 2
7119 2
7120 2
7121 2
7122 2
7123 2
7124 2
7125 2
7126 2
7127 2
7128 2
7129 2
7130 2
7131 2
7132 2
7133 2
7134 2
7135 2
7136 2
7137 2
7138 2
7139 2
7140 2
7141 2
7142 2
7143 2
7144 2
7145 2
7146 2
7147 2
7148 2
7149 2
7150 2
7151 2
7152 2
7153 2
7154 2
7155 2
7156 2
7157 2
7158 2
7159 2
7160 2
7161 2
7162 2
7163 2
7164 2
7165 2
7166 2
7167 2
7168 2
7169 2
7170 2
7171 2
7172 2
7173 2
7174 2
7175 2
7176 2
7177 2
7178 2
7179 2
7180 2
7181 2
7182 2
7183 2
7184 2
7185 2
7186 2
7187 2
7188 2
7189 2
7190 2
7191 2
7192 2
7193 2
7194 2
7195 2
7196 2
7197 2
7198 2
7199 2
7200 2
7201 2
7202 2
7203 2
7204 2
7205 2
7206 2
7207 2
7208 2
7209 2
7210 2
7211 2
7212 2
7213 2
7214 2
7215 2
7216 2
7217 2
7218 2
7219 2
7220 2
7221 2
7222 2
7223 3
7224 3
7225 3
7226 3
7227 3
7228 3
7229 3
7230 3
7231 3
7232 3
7233 3
7234 3
7235 3
7236 3
7237 3
7238 3
7239 3
7240 3
7241 3
7242 3
7243 2
7244 2
7245 3
7246 2
7247 2
7248 2
7249 2
7250 2
7251 2
7252 2
7253 2
7254 2
7255 2
7256 2
7257 2
7258 2
7259 2
7260 2
7261 2
7262 3
7263 3
7264 3
7265 3
7266 3
7267 3
7268 3
7269 3
7270 3
7271 3
7272 3
7273 3
7274 3
7275 3
7276 3
7277 3
7278 0
7279 0
7280 0
7281 0
7282 0
7283 0
7284 0
7285 0
7286 0
7287 0
7288 0
7289 0
7290 0
7291 0
7292 0
7293 0
7294 0
7295 0
7296 0
7297 0
7298 0
7299 0
7300 0
7301 0
7302 0
7303 0
7304 0
7305 0
7306 0
7307 0
7308 1
7309 1
7310 1
7311 1
7312 1
7313 1
7314 1
7315 1
7316 1
7317 1
7318 1
7319 1
7320 5
7321 5
7322 5
7323 5
7324 5
7325 5
7326 5
7327 5
7328 5
7329 5
7330 5
7331 5
7332 5
7333 5
7334 5
7335 5
7336 5
7337 5
7338 5
7339 5
7340 5
7341 5
7342 5
7343 5
7344 5
7345 5
7346 5
7347 5
7348 5
7349 5
7350 5
7351 5
7352 5
7353 5
7354 5
7355 5
7356 5
7357 5
7358 5
7359 5
7360 5
7361 5
7362 5
7363 5
7364 5
7365 5
7366 5
7367 5
7368 5
7369 5
7370 5
7371 5
7372 5
7373 5
7374 5
7375 5
7376 5
7377 5
7378 5
7379 5
7380 5
7381 5
7382 5
7383 5
7384 5
7385 3
7386 3
7387 3
7388 3
7389 3
7390 3
7391 3
7392 3
7393 3
7394 3
7395 3
7396 3
7397 3
7398 3
7399 3
7400 3
7401 3
7402 3
7403 3
7404 3
7405 3
7406 3
7407 3
7408 3
7409 3
7410 3
7411 3
7412 3
7413 3
7414 3
7415 3
7416 3
7417 3
7418 3
7419 3
7420 3
7421 3
7422 3
7423 3
7424 3
7425 3
7426 3
7427 3
7428 3
7429 3
7430 3
7431 3
7432 3
7433 3
7434 3
7435 3
7436 3
7437 3
7438 3
7439 3
7440 3
7441 3
7442 3
7443 3
7444 3
7445 3
7446 3
7447 3
7448 3
7449 3
7450 3
7451 3
7452 3
7453 3
7454 3
7455 3
7456 3
7457 3
7458 3
7459 3
7460 0
7461 3
7462 3
7463 0
7464 0
7465 0
7466 0
7467 0
7468 0
7469 0
7470 0
7471 0
7472 0
7473 0
7474 0
7475 0
7476 0
7477 0
7478 0
7479 0
7480 0
7481 0
7482 0
7483 0
7484 3
7485 3
7486 3
7487 3
7488 3
7489 3
7490 3
7491 3
7492 3
7493 3
7494 0
7495 0
7496 0
7497 0
7498 0
7499 0
7500 4
7501 4
7502 4
7503 4
7504 4
7505 4
7506 4
7507 4
7508 4
7509 4
7510 4
7511 2
7512 2
7513 2
7514 2
7515 2
7516 2
7517 2
7518 2
7519 2
7520 2
7521 2
7522 2
7523 2
7524 2
7525 2
7526 2
7527 2
7528 2
7529 2
7530 2
7531 2
7532 2
7533 2
7534 2
7535 2
7536 2
7537 2
7538 2
7539 2
7540 2
7541 2
7542 2
7543 2
7544 2
7545 2
7546 2
7547 2
7548 2
7549 2
7550 2
7551 2
7552 2
7553 2
7554 2
7555 2
7556 2
7557 2
7558 2
7559 2
7560 2
7561 2
7562 2
7563 2
7564 2
7565 2
7566 2
7567 2
7568 2
7569 2
7570 2
7571 2
7572 2
7573 2
7574 2
7575 2
7576 2
7577 2
7578 2
7579 2
7580 2
7581 2
7582 2
7583 2
7584 2
7585 2
7586 2
7587 2
7588 2
7589 2
7590 2
7591 2
7592 2
7593 2
7594 2
7595 2
7596 2
7597 2
7598 2
7599 2
7600 2
7601 5
7602 5
7603 5
7604 5
7605 5
7606 5
7607 5
7608 5
7609 5
7610 5
7611 5
7612 3
7613 5
7614 5
7615 5
7616 5
7617 5
7618 5
7619 5
7620 3
7621 3
7622 3
7623 3
7624 3
7625 3
7626 3
7627 3
7628 3
7629 3
7630 3
7631 3
7632 3
7633 3
7634 3
7635 3
7636 3
7637 3
7638 3
7639 3
7640 3
7641 3
7642 3
7643 3
7644 3
7645 3
7646 3
7647 3
7648 3
7649 3
7650 3
7651 3
7652 3
7653 3
7654 3
7655 3
7656 3
7657 3
7658 3
7659 3
7660 3
7661 3
7662 3
7663 3
7664 3
7665 3
7666 3
7667 3
7668 3
7669 3
7670 3
7671 3
7672 3
7673 3
7674 3
7675 3
7676 3
7677 3
7678 3
7679 3
7680 3
7681 3
7682 3
7683 3
7684 3
7685 3
7686 3
7687 3
7688 3
7689 3
7690 3
7691 3
7692 3
7693 3
7694 3
7695 3
7696 3
7697 3
7698 3
7699 3
7700 3
7701 3
7702 3
7703 3
7704 3
7705 3
7706 3
7707 3
7708 3
7709 3
7710 3
7711 3
7712 3
7713 3
7714 3
7715 3
7716 3
7717 3
7718 3
7719 3
7720 3
7721 3
7722 3
7723 3
7724 3
7725 3
7726 3
7727 3
7728 3
7729 2
7730 2
7731 2
7732 2
7733 2
7734 2
7735 2
7736 2
7737 2
7738 2
7739 2
7740 2
7741 2
7742 2
7743 2
7744 2
7745 2
7746 2
7747 1
7748 1
7749 1
7750 1
7751 1
7752 1
7753 1
7754 1
7755 1
7756 1
7757 1
7758 1
7759 1
7760 1
7761 1
7762 1
7763 1
7764 1
7765 1
7766 1
7767 1
7768 1
7769 1
7770 1
7771 1
7772 1
7773 1
7774 1
7775 1
7776 1
7777 1
7778 1
7779 1
7780 1
7781 1
7782 1
7783 1
7784 1
7785 1
7786 1
7787 1
7788 1
7789 1
7790 1
7791 1
7792 1
7793 1
7794 1
7795 1
7796 1
7797 1
7798 1
7799 1
7800 1
7801 1
7802 1
7803 1
7804 1
7805 1
7806 1
7807 1
7808 1
7809 1
7810 1
7811 1
7812 1
7813 1
7814 1
7815 1
7816 1
7817 1
7818 1
7819 1
7820 1
7821 1
7822 1
7823 1
7824 1
7825 1
7826 1
7827 1
7828 1
7829 1
7830 1
7831 1
7832 1
7833 1
7834 1
7835 1
7836 1
7837 1
7838 1
7839 1
7840 1
7841 1
7842 1
7843 1
7844 1
7845 1
7846 1
7847 1
7848 1
7849 1
7850 1
7851 1
7852 1
7853 1
7854 1
7855 1
7856 1
7857 1
7858 1
7859 1
7860 1
7861 1
7862 1
7863 1
7864 1
7865 1
7866 1
7867 1
7868 5
7869 5
7870 5
7871 5
7872 5
7873 5
7874 5
7875 5
7876 5
7877 5
7878 5
7879 5
7880 5
7881 5
7882 5
7883 5
7884 5
7885 5
7886 5
7887 5
7888 5
7889 5
7890 5
7891 5
7892 5
7893 5
7894 5
7895 5
7896 5
7897 5
7898 5
7899 5
7900 5
7901 5
7902 5
7903 5
7904 5
7905 5
7906 5
7907 5
7908 5
7909 5
7910 5
7911 5
7912 5
7913 5
7914 5
7915 5
7916 5
7917 5
7918 5
7919 5
7920 5
7921 5
7922 5
7923 5
7924 5
7925 5
7926 5
7927 5
7928 5
7929 5
7930 1
7931 1
7932 1
7933 1
7934 1
7935 1
7936 1
7937 1
7938 1
7939 1
7940 1
7941 1
7942 1
7943 1
7944 1
7945 1
7946 1
7947 1
7948 1
7949 1
7950 1
7951 1
7952 1
7953 1
7954 1
7955 1
7956 1
7957 1
7958 1
7959 1
7960 1
7961 1
7962 3
7963 3
7964 3
7965 2
7966 2
7967 2
7968 2
7969 2
7970 2
7971 2
7972 2
7973 2
7974 2
7975 2
7976 2
7977 2
7978 2
7979 2
7980 2
7981 2
7982 2
7983 2
7984 2
7985 2
7986 2
7987 2
7988 2
7989 2
7990 2
7991 2
7992 2
7993 2
7994 2
7995 2
7996 2
7997 2
7998 2
7999 2
8000 2
8001 2
8002 2
8003 2
8004 2
8005 2
8006 2
8007 2
8008 2
8009 2
8010 2
8011 2
8012 2
8013 2
8014 2
8015 2
8016 2
8017 2
8018 2
8019 2
8020 2
8021 2
8022 2
8023 2
8024 2
8025 2
8026 1
8027 1
8028 2
8029 1
8030 1
8031 1
8032 1
8033 1
8034 1
8035 1
8036 1
8037 1
8038 1
8039 1
8040 1
8041 1
8042 1
8043 1
8044 1
8045 1
8046 1
8047 1
8048 1
8049 1
8050 1
8051 1
8052 1
8053 1
8054 1
8055 1
8056 1
8057 1
8058 1
8059 1
8060 1
8061 1
8062 1
8063 1
8064 1
8065 1
8066 1
8067 1
8068 1
8069 1
8070 1
8071 1
8072 1
8073 1
8074 1
8075 1
8076 1
8077 1
8078 1
8079 1
8080 1
8081 1
8082 1
8083 1
8084 1
8085 1
8086 1
8087 1
8088 1
8089 1
8090 1
8091 1
8092 1
8093 1
8094 1
8095 1
8096 1
8097 1
8098 1
8099 1
8100 1
8101 1
8102 1
8103 1
8104 5
8105 5
8106 5
8107 5
8108 5
8109 5
8110 5
8111 5
8112 5
8113 5
8114 5
8115 5
8116 5
8117 5
8118 5
8119 5
8120 5
8121 5
8122 5
8123 5
8124 5
8125 5
8126 5
8127 5
8128 5
8129 5
8130 5
8131 5
8132 5
8133 5
8134 5
8135 5
8136 5
8137 5
8138 5
8139 5
8140 5
8141 5
8142 5
8143 5
8144 5
8145 5
8146 5
8147 5
8148 5
8149 5
8150 5
8151 5
8152 5
8153 5
8154 5
8155 5
8156 5
8157 5
8158 5
8159 5
8160 5
8161 3
8162 3
8163 3
8164 3
8165 3
8166 3
8167 3
8168 3
8169 3
8170 3
8171 3
8172 3
8173 3
8174 3
8175 3
8176 3
8177 3
8178 3
8179 3
8180 3
8181 3
8182 3
8183 3
8184 3
8185 3
8186 3
8187 3
8188 3
8189 3
8190 3
8191 3
8192 3
8193 3
8194 3
8195 3
8196 3
8197 3
8198 3
8199 3
8200 3
8201 3
8202 3
8203 3
8204 3
8205 3
8206 3
8207 3
8208 3
8209 1
8210 1
8211 1
8212 1
8213 1
8214 1
8215 1
8216 1
8217 1
8218 1
8219 1
8220 1
8221 1
8222 1
8223 1
8224 1
8225 1
8226 1
8227 1
8228 1
8229 5
8230 5
8231 5
8232 5
8233 5
8234 5
8235 5
8236 5
8237 5
8238 5
8239 5
8240 5
8241 5
8242 5
8243 5
8244 5
8245 5
8246 5
8247 5
8248 5
8249 5
8250 5
8251 5
8252 5
8253 5
8254 5
8255 5
8256 5
8257 5
8258 5
8259 5
8260 5
8261 5
8262 5
8263 5
8264 5
8265 5
8266 5
8267 5
8268 5
8269 5
8270 5
8271 5
8272 5
8273 5
8274 5
8275 5
8276 5
8277 5
8278 5
8279 5
8280 5
8281 3
8282 3
8283 3
8284 3
8285 3
8286 3
8287 3
8288 3
8289 3
8290 3
8291 3
8292 3
8293 3
8294 3
8295 3
8296 3
8297 3
8298 3
8299 3
8300 3
8301 3
8302 3
8303 3
8304 3
8305 3
8306 3
8307 3
8308 3
8309 3
8310 3
8311 3
8312 3
8313 3
8314 3
8315 3
8316 3
8317 3
8318 3
8319 1
8320 1
8321 1
8322 1
8323 1
8324 1
8325 1
8326 1
8327 1
8328 1
8329 1
8330 1
8331 1
8332 1
8333 1
8334 1
8335 1
8336 1
8337 1
8338 1
8339 1
8340 1
8341 1
8342 1
8343 1
8344 1
8345 1
8346 1
8347 1
8348 1
8349 1
8350 1
8351 1
8352 1
8353 1
8354 1
8355 1
8356 1
8357 1
8358 1
8359 1
8360 1
8361 1
8362 1
8363 1
8364 1
8365 1
8366 1
8367 1
8368 1
8369 1
8370 1
8371 1
8372 1
8373 1
8374 1
8375 1
8376 1
8377 1
8378 1
8379 1
8380 1
8381 1
8382 1
8383 1
8384 1
8385 1
8386 1
8387 1
8388 1
8389 1
8390 1
8391 1
8392 1
8393 1
8394 5
8395 5
8396 5
8397 5
8398 5
8399 5
8400 5
8401 5
8402 5
8403 5
8404 5
8405 5
8406 5
8407 5
8408 5
8409 5
8410 5
8411 5
8412 5
8413 5
8414 5
8415 5
8416 5
8417 5
8418 5
8419 5
8420 5
8421 5
8422 5
8423 5
8424 5
8425 5
8426 5
8427 5
8428 5
8429 5
8430 5
8431 5
8432 5
8433 5
8434 5
8435 5
8436 5
8437 5
8438 5
8439 5
8440 5
8441 5
8442 5
8443 5
8444 5
8445 5
8446 5
8447 3
8448 5
8449 3
8450 3
8451 3
8452 3
8453 3
8454 3
8455 2
8456 2
8457 2
8458 2
8459 2
8460 2
8461 2
8462 2
8463 2
8464 2
8465 3
8466 3
8467 3
8468 3
8469 3
8470 3
8471 3
8472 3
8473 3
8474 3
8475 3
8476 3
8477 3
8478 3
8479 3
8480 3
8481 3
8482 3
8483 3
8484 3
8485 3
8486 3
8487 3
8488 2
8489 2
8490 2
8491 2
8492 2
8493 2
8494 2
8495 2
8496 2
8497 2
8498 2
8499 2
8500 2
8501 2
8502 2
8503 2
8504 2
8505 2
8506 2
8507 2
8508 2
8509 2
8510 2
8511 2
8512 2
8513 2
8514 2
8515 2
8516 2
8517 2
8518 2
8519 2
8520 2
8521 2
8522 2
8523 2
8524 2
8525 2
8526 2
8527 2
8528 2
8529 2
8530 2
8531 2
8532 2
8533 2
8534 2
8535 2
8536 2
8537 2
8538 2
8539 2
8540 2
8541 2
8542 5
8543 5
8544 5
8545 5
8546 5
8547 5
8548 5
8549 5
8550 5
8551 5
8552 5
8553 5
8554 5
8555 5
8556 5
8557 3
8558 3
8559 3
8560 3
8561 3
8562 2
8563 2
8564 2
8565 2
8566 2
8567 2
8568 2
8569 2
8570 2
8571 2
8572 2
8573 2
8574 2
8575 2
8576 2
8577 2
8578 2
8579 2
8580 2
8581 2
8582 2
8583 2
8584 2
8585 2
8586 2
8587 2
8588 2
8589 2
8590 2
8591 2
8592 2
8593 2
8594 2
8595 2
8596 2
8597 2
8598 2
8599 2
8600 2
8601 2
8602 2
8603 2
8604 2
8605 2
8606 2
8607 2
8608 2
8609 2
8610 2
8611 2
8612 2
8613 2
8614 2
8615 2
8616 2
8617 2
8618 2
8619 2
8620 2
8621 2
8622 1
8623 1
8624 2
8625 2
8626 1
8627 1
8628 1
8629 1
8630 1
8631 1
8632 1
8633 1
8634 1
8635 1
8636 1
8637 1
8638 1
8639 1
8640 1
8641 1
8642 1
8643 1
8644 1
8645 1
8646 1
8647 1
8648 1
8649 1
8650 1
8651 1
8652 1
8653 1
8654 5
8655 5
8656 5
8657 5
8658 5
8659 5
8660 5
8661 5
8662 5
8663 5
8664 5
8665 5
8666 5
8667 5
8668 5
8669 5
8670 5
8671 5
8672 5
8673 5
8674 5
8675 5
8676 5
8677 5
8678 5
8679 5
8680 5
8681 5
8682 5
8683 5
8684 5
8685 5
8686 5
8687 5
8688 5
8689 5
8690 5
8691 5
8692 5
8693 5
8694 5
8695 5
8696 5
8697 5
8698 5
8699 5
8700 5
8701 5
8702 5
8703 5
8704 5
8705 3
8706 2
8707 2
8708 2
8709 2
8710 2
8711 2
8712 2
8713 2
8714 2
8715 2
8716 2
8717 2
8718 2
8719 2
8720 2
8721 2
8722 2
8723 2
8724 2
8725 2
8726 2
8727 2
8728 2
8729 2
8730 2
8731 2
8732 2
8733 2
8734 2
8735 2
8736 2
8737 2
8738 2
8739 2
8740 2
8741 2
8742 2
8743 1
8744 1
8745 1
8746 1
8747 1
8748 1
8749 1
8750 1
8751 1
8752 1
8753 1
8754 1
8755 1
8756 1
8757 5
8758 5
8759 5
8760 5
8761 5
8762 5
8763 5
8764 5
8765 5
8766 5
8767 5
8768 5
8769 5
8770 5
8771 5
8772 5
8773 5
8774 5
8775 5
8776 5
8777 5
8778 5
8779 5
8780 5
8781 5
8782 5
8783 5
8784 5
8785 5
8786 5
8787 5
8788 5
8789 5
8790 5
8791 5
8792 5
8793 5
8794 5
8795 5
8796 5
8797 5
8798 5
8799 5
8800 5
8801 5
8802 5
8803 5
8804 5
8805 5
8806 5
8807 5
8808 2
8809 2
8810 2
8811 2
8812 2
8813 2
8814 2
8815 2
8816 2
8817 2
8818 2
8819 2
8820 2
8821 2
8822 2
8823 2
8824 2
8825 2
8826 2
8827 2
8828 2
8829 2
8830 2
8831 2
8832 2
8833 2
8834 2
8835 2
8836 2
8837 2
8838 1
8839 1
8840 1
8841 1
8842 1
8843 1
8844 1
8845 1
8846 1
8847 1
8848 1
8849 1
8850 1
8851 1
8852 1
8853 1
8854 1
8855 1
8856 1
8857 1
8858 1
8859 1
8860 1
8861 1
8862 1
8863 1
8864 1
8865 1
8866 1
8867 1
8868 1
8869 1
8870 1
8871 1
8872 1
8873 1
8874 1
8875 1
8876 1
8877 1
8878 1
8879 1
8880 1
8881 1
8882 1
8883 1
8884 1
8885 1
8886 1
8887 1
8888 1
8889 1
8890 1
8891 1
8892 1
8893 1
8894 1
8895 1
8896 1
8897 1
8898 1
8899 1
8900 1
8901 1
8902 1
8903 1
8904 1
8905 1
8906 1
8907 1
8908 1
8909 1
8910 1
8911 1
8912 1
8913 1
8914 1
8915 1
8916 1
8917 1
8918 1
8919 1
8920 1
8921 1
8922 1
8923 1
8924 1
8925 1
8926 1
8927 1
8928 1
8929 1
8930 1
8931 1
8932 1
8933 1
8934 1
8935 1
8936 1
8937 1
8938 1
8939 1
8940 1
8941 1
8942 1
8943 1
8944 1
8945 1
8946 5
8947 5
8948 5
8949 5
8950 5
8951 5
8952 5
8953 5
8954 5
8955 5
8956 5
8957 5
8958 5
8959 5
8960 5
8961 5
8962 5
8963 5
8964 5
8965 5
8966 5
8967 5
8968 5
8969 5
8970 5
8971 5
8972 5
8973 5
8974 5
8975 5
8976 5
8977 5
8978 5
8979 5
8980 5
8981 5
8982 5
8983 5
8984 1
8985 1
8986 1
8987 1
8988 1
8989 1
8990 1
8991 1
8992 2
8993 2
8994 2
8995 2
8996 2
8997 2
8998 2
8999 2
9000 2
9001 2
9002 2
9003 2
9004 2
9005 2
9006 2
9007 2
9008 2
9009 2
9010 2
9011 2
9012 2
9013 2
9014 2
9015 2
9016 2
9017 2
9018 2
9019 2
9020 2
9021 1
9022 1
9023 1
9024 1
9025 1
9026 1
9027 1
9028 1
9029 1
9030 1
9031 1
9032 1
9033 1
9034 1
9035 1
9036 1
9037 1
9038 1
9039 1
9040 1
9041 1
9042 1
9043 1
9044 1
9045 1
9046 1
9047 1
9048 1
9049 1
9050 1
9051 1
9052 1
9053 1
9054 1
9055 1
9056 1
9057 1
9058 1
9059 1
9060 1
9061 1
9062 1
9063 1
9064 1
9065 1
9066 1
9067 1
9068 1
9069 1
9070 1
9071 1
9072 1
9073 1
9074 1
9075 1
9076 1
9077 1
9078 1
9079 1
9080 1
9081 1
9082 1
9083 1
9084 1
9085 1
9086 1
9087 1
9088 1
9089 1
9090 1
9091 1
9092 1
9093 1
9094 3
9095 1
9096 1
9097 1
9098 1
9099 1
9100 1
9101 1
9102 1
9103 1
9104 1
9105 1
9106 1
9107 1
9108 1
9109 1
9110 1
9111 1
9112 1
9113 1
9114 1
9115 1
9116 1
9117 1
9118 1
9119 1
9120 5
9121 5
9122 5
9123 5
9124 5
9125 5
9126 5
9127 5
9128 5
9129 5
9130 5
9131 5
9132 5
9133 5
9134 5
9135 5
9136 5
9137 5
9138 5
9139 5
9140 5
9141 5
9142 5
9143 5
9144 5
9145 5
9146 5
9147 5
9148 5
9149 5
9150 5
9151 5
9152 5
9153 5
9154 1
9155 1
9156 1
9157 1
9158 1
9159 1
9160 1
9161 1
9162 1
9163 2
9164 2
9165 2
9166 2
9167 2
9168 2
9169 2
9170 2
9171 2
9172 2
9173 2
9174 2
9175 2
9176 2
9177 2
9178 2
9179 2
9180 2
9181 2
9182 2
9183 2
9184 2
9185 2
9186 2
9187 2
9188 2
9189 2
9190 2
9191 1
9192 1
9193 1
9194 1
9195 1
9196 1
9197 1
9198 1
9199 1
9200 1
9201 1
9202 1
9203 1
9204 1
9205 1
9206 1
9207 1
9208 1
9209 1
9210 1
9211 1
9212 1
9213 1
9214 1
9215 1
9216 1
9217 1
9218 1
9219 1
9220 1
9221 1
9222 1
9223 1
9224 1
9225 1
9226 1
9227 1
9228 1
9229 1
9230 1
9231 1
9232 1
9233 1
9234 1
9235 1
9236 1
9237 1
9238 1
9239 1
9240 1
9241 1
9242 1
9243 1
9244 1
9245 1
9246 1
9247 1
9248 1
9249 1
9250 5
9251 5
9252 5
9253 5
9254 5
9255 5
9256 5
9257 5
9258 5
9259 5
9260 5
9261 5
9262 5
9263 5
9264 5
9265 5
9266 5
9267 5
9268 5
9269 1
9270 1
9271 1
9272 1
9273 1
9274 1
9275 1
9276 1
9277 1
9278 1
9279 1
9280 1
9281 1
9282 1
9283 1
9284 1
9285 1
9286 1
9287 1
9288 1
9289 2
9290 2
9291 2
9292 1
9293 1
9294 1
9295 1
9296 1
9297 1
9298 1
9299 1
9300 1
9301 1
9302 1
9303 1
9304 1
9305 1
9306 1
9307 1
9308 1
9309 1
9310 1
9311 1
9312 1
9313 1
9314 1
9315 1
9316 1
9317 1
9318 1
9319 1
9320 1
9321 1
9322 1
9323 1
9324 1
9325 1
9326 1
9327 1
9328 1
9329 1
9330 1
9331 1
9332 1
9333 1
9334 1
9335 1
9336 1
9337 1
9338 1
9339 1
9340 1
9341 1
9342 1
9343 1
9344 1
9345 1
9346 1
9347 1
9348 1
9349 1
9350 1
9351 1
9352 1
9353 1
9354 1
9355 1
9356 1
9357 1
9358 5
9359 5
9360 5
9361 5
9362 5
9363 5
9364 5
9365 5
9366 5
9367 5
9368 5
9369 5
9370 1
9371 1
9372 5
9373 5
9374 1
9375 1
9376 1
9377 1
9378 1
9379 1
9380 1
9381 1
9382 1
9383 1
9384 1
9385 1
9386 1
9387 1
9388 1
9389 1
9390 1
9391 1
9392 1
9393 1
9394 1
9395 1
9396 1
9397 1
9398 1
9399 1
9400 1
9401 1
9402 1
9403 1
9404 1
9405 1
9406 1
9407 1
9408 1
9409 1
9410 1
9411 1
9412 1
9413 1
9414 1
9415 1
9416 1
9417 1
9418 1
9419 1
9420 1
9421 1
9422 1
9423 1
9424 1
9425 1
9426 1
9427 1
9428 1
9429 1
9430 1
9431 1
9432 1
9433 1
9434 1
9435 1
9436 1
9437 1
9438 1
9439 1
9440 1
9441 1
9442 1
9443 1
9444 1
9445 1
9446 1
9447 1
9448 1
9449 1
9450 1
9451 1
9452 1
9453 1
9454 1
9455 1
9456 1
9457 1
9458 1
9459 1
9460 1
9461 1
9462 1
9463 1
9464 1
9465 1
9466 1
9467 1
9468 1
9469 1
9470 1
9471 1
9472 1
9473 1
9474 1
9475 1
9476 1
9477 1
9478 1
9479 1
9480 1
9481 1
9482 1
9483 1
9484 1
9485 1
9486 1
9487 1
9488 1
9489 1
9490 1
9491 1
9492 1
9493 1
9494 1
9495 1
9496 1
9497 1
9498 1
9499 1
9500 1
9501 1
9502 1
9503 1
9504 1
9505 1
9506 1
9507 1
9508 1
9509 1
9510 1
9511 1
9512 1
9513 1
9514 1
9515 1
9516 1
9517 1
9518 1
9519 1
9520 1
9521 1
9522 1
9523 1
9524 1
9525 1
9526 1
9527 1
9528 1
9529 1
9530 1
9531 1
9532 1
9533 1
9534 1
9535 1
9536 1
9537 1
9538 1
9539 1
9540 1
9541 1
9542 1
9543 1
9544 1
9545 1
9546 1
9547 1
9548 1
9549 1
9550 1
9551 1
9552 1
9553 1
9554 1
9555 1
9556 1
9557 1
9558 1
9559 1
9560 1
9561 1
9562 1
9563 1
9564 1
9565 1
9566 1
9567 1
9568 1
9569 1
9570 1
9571 1
9572 1
9573 1
9574 1
9575 1
9576 1
9577 1
9578 1
9579 1
9580 1
9581 1
9582 1
9583 1
9584 1
9585 1
9586 1
9587 1
9588 1
9589 1
9590 1
9591 1
9592 1
9593 1
9594 1
9595 1
9596 1
9597 1
9598 1
9599 1
9600 1
9601 1
9602 1
9603 1
9604 1
9605 1
9606 1
9607 1
9608 1
9609 1
9610 1
9611 1
9612 1
9613 1
9614 1
9615 1
9616 1
9617 1
9618 1
9619 1
9620 1
9621 1
9622 1
9623 1
9624 1
9625 1
9626 1
9627 1
9628 1
9629 1
9630 1
9631 1
9632 1
9633 1
9634 1
9635 1
9636 1
9637 1
9638 1
9639 1
9640 1
9641 1
9642 1
9643 1
9644 1
9645 1
9646 1
9647 1
9648 1
9649 1
9650 1
9651 1
9652 1
9653 1
9654 1
9655 1
9656 1
9657 1
9658 1
9659 1
9660 1
9661 1
9662 1
9663 1
9664 1
9665 1
9666 1
9667 1
9668 1
9669 1
9670 4
9671 4
9672 4
9673 4
9674 4
9675 4
9676 4
9677 4
9678 4
9679 4
9680 4
9681 4
9682 4
9683 4
9684 4
9685 4
9686 4
9687 4
9688 4
9689 4
9690 4
9691 4
9692 4
9693 4
9694 0
9695 0
9696 0
9697 0
9698 0
9699 0
9700 0
9701 0
9702 0
9703 0
9704 4
9705 4
9706 4
9707 4
9708 4
9709 4
9710 4
9711 4
9712 4
9713 4
9714 4
9715 4
9716 4
9717 4
9718 4
9719 4
9720 4
9721 4
9722 4
9723 4
9724 4
9725 4
9726 4
9727 4
9728 4
9729 4
9730 4
9731 4
9732 4
9733 4
9734 4
9735 4
9736 4
9737 0
9738 0
9739 4
9740 4
9741 4
9742 4
9743 4
9744 4
9745 2
9746 2
9747 4
9748 4
9749 4
9750 2
9751 1
9752 4
9753 4
9754 4
9755 4
9756 4
9757 4
9758 4
9759 4
9760 4
9761 2
9762 2
9763 3
9764 3
9765 3
9766 2
9767 3
9768 4
9769 4
9770 4
9771 4
9772 4
9773 4
9774 4
9775 2
9776 4
9777 4
9778 4
9779 4
9780 4
9781 4
9782 4
9783 4
9784 2
9785 4
9786 2
9787 2
9788 2
9789 2
9790 3
9791 1
9792 2
9793 4
9794 4
9795 0
9796 4
9797 4
9798 4
9799 4
9800 1
